NOSS 0 (A)
1 05678U 71110A   05221.68199378 0.00000020  00000-0  21364-4 0    02
2 05678  69.9770 240.3225 0007000  10.6268 349.3732 13.73777893    00
NOSS 0 Rk
1 05679U 71110B   05237.06057916 0.00000100  00000-0  88381-4 0    04
2 05679  69.9932 120.5858 0011000 115.1090 244.8909 13.84951296    09
NOSS 0 (C)
1 05680U 71110C   05240.98163233 0.00000015  00000-0  15906-4 0    09
2 05680  69.9800 192.4864 0005000 337.3054  22.6946 13.74223100    09
NOSS 0 (D)
1 05681U 71110D   05241.03352975 0.00000015  00000-0  15928-4 0    04
2 05681  69.9860 193.4804 0005000 318.3994  41.6006 13.74142164    01
NOSS 0 (E)
1 05682U 71110E   05241.00846081 0.00000020  00000-0  21232-4 0    09
2 05682  69.9853 193.2882 0009500 303.0759  56.9241 13.74142323    04
DMSP 7
1 07816U 75043A   05245.84692261 0.00000090  00000-0  40195-4 0    00
2 07816  98.5940  82.9503 0053500 226.0546 133.9453 14.21996964    03
NOSS 1 (A)
1 08818U 76038A   05221.89794976 0.00001900  00000-0  20856-3 0    05
2 08818  63.3060 128.7284 0867500  51.1313 308.8687 13.53024908    02
NOSS 1 (C)
1 08835U 76038C   05230.10870590 0.00001700  00000-0  19025-3 0    09
2 08835  63.3080 107.5461 0864500  55.8266 304.1734 13.53087676    03
NOSS 1 (D)
1 08836U 76038D   05242.70273528 0.00001700  00000-0  18954-3 0    07
2 08836  63.3075  83.6119 0868000  51.6185 308.3815 13.52485984    04
NOSS 1 (J)
1 08884U 76038J   05232.02654640 0.00001500  00000-0  16830-3 0    01
2 08884  63.3050 102.0083 0864000  56.0782 303.9218 13.53116839    03
AMS 1(DMSP F1)
1 09415U 76091A   05245.80507884 0.00000080  00000-0  33824-4 0    03
2 09415  98.9920  87.5053 0018500 114.6125 245.3874 14.25508847    07
AMS 2(DMSP F2)
1 10033U 77044A   05240.37097943 0.00000100  00000-0  40085-4 0    07
2 10033  99.1000 202.2279 0041000 215.7705 144.2294 14.27885216    04
NOSS 2 (A)
1 10502U 77112A   05242.69460012 0.00000300  00000-0  65669-4 0    09
2 10502  63.3410  82.9777 0802500  26.8980 333.1020 13.44692967    08
NOSS 2 (D)
1 10529U 77112D   05242.70997089 0.00000500  00000-0  10381-3 0    01
2 10529  63.3350  81.8532 0811000  33.1729 326.8271 13.44807797    00
NOSS 2 (E)
1 10544U 77112E   05227.86608804 0.00000300  00000-0  63422-4 0    05
2 10544  63.3380 120.8963 0808000  32.7472 327.2528 13.44790542    07
NOSS 2 (F)
1 10594U 77112F   05227.88724937 0.00000300  00000-0  67432-4 0    03
2 10594  63.3363 126.2315 0799000  26.9879 333.0121 13.44476333    02
AMS 4(DMSP F4)
1 11389U 79050A   05245.81252839 0.00000070  00000-0  28807-4 0    06
2 11389  98.8940 279.2950 0012000  90.8264 269.1735 14.26958259    02
NOSS 3 (A)
1 11720U 80019A   05215.89030385 0.00000070  00000-0  30929-4 0    05
2 11720  63.4111 119.1278 0675594 338.8519  21.1481 13.42240478    03
NOSS 3 (C)
1 11731U 80019C   05228.73159428 0.00000050  00000-0  16984-4 0    07
2 11731  63.3976  73.0784 0731000 346.7068  13.2932 13.42538185    03
NOSS 3 (D)
1 11732U 80019D   05228.79451376 0.00000050  00000-0  16801-4 0    09
2 11732  63.4037  73.0973 0733500 346.8500  13.1500 13.42485090    08
NOSS 3 (G)
1 11745U 80019G   05242.68735731 0.00000020  00000-0  89478-5 0    05
2 11745  63.4132  57.8886 0675000 338.1556  21.8444 13.41834413    05
KH 9-16 Elint
1 11852U 80052C   05246.02271916 0.00000017  00000-0  71481-4 0    03
2 11852  96.6235 284.4997 0001000 130.1068 229.8931 12.83303211    01
KH 9-17 Elint
1 13172U 82041C   05245.90436849 0.00000550  00000-0  70031-4 0    06
2 13172  95.9940 314.2595 0004003   1.2699 358.7300 14.81643858    09
NOSS 4 (A)
1 13791U 83008A   05246.87966468 0.00000060  00000-0  30235-4 0    07
2 13791  63.3730 272.9867 0647500  12.5773 347.4227 13.41708330    02
NOSS 4 (E) ot
1 13844U 83008E   05242.96702948 0.00000050  00000-0  24886-4 0    07
2 13844  63.3740 289.4962 0652500  12.0706 347.9294 13.41358995    05
NOSS 4 (F) ld
1 13845U 83008F   05240.99173402 0.00000050  00000-0  24712-4 0    04
2 13845  63.3680 293.6661 0654000  17.6647 342.3353 13.41394447    01
NOSS 4 (H) tr
1 13874U 83008H   05245.07973924 0.00000030  00000-0  14637-4 0    00
2 13874  63.3700 283.1816 0657000  17.1781 342.8219 13.41413267    07
NOSS 5 (A)
1 14112U 83056A   05247.05745615 0.00000200  00000-0  10605-3 0    02
2 14112  63.3710 128.0928 0636000  10.4276 349.5724 13.41520430    03
KH 9-18 Elint
1 14139U 83060C   05247.11337210 0.00000015  00000-0  54535-4 0    06
2 14139  96.6765 130.2921 0000500 286.9787  73.0212 12.93724408    04
NOSS 5 (C)
1 14143U 83056C   05245.81809616 0.00000150  00000-0  77618-4 0    02
2 14143  63.3710 133.8220 0643000  15.5180 344.4820 13.41359405    07
NOSS 5 (D)
1 14144U 83056D   05247.02171954 0.00000150  00000-0  78002-4 0    03
2 14144  63.3730 131.5527 0642000  15.4144 344.5856 13.41321234    02
NOSS 5 (G)
1 14180U 83056G   05247.08282357 0.00000150  00000-0  80187-4 0    06
2 14180  63.3720 132.2512 0635500  10.3756 349.6244 13.41256142    05
NOSS 6 (A)
1 14690U 84012A   05245.91772050 0.00000130  00000-0  74522-4 0    03
2 14690  63.3770 197.8268 0617000   7.0570 352.9431 13.41373100    02
NOSS 6 (C)
1 14728U 84012C   05245.89176315 0.00000100  00000-0  56763-4 0    08
2 14728  63.3750 203.5726 0623500  14.4353 345.5648 13.40699835    02
NOSS 6 (D)
1 14729U 84012D   05245.89230104 0.00000100  00000-0  56222-4 0    06
2 14729  63.3770 203.0419 0625500  14.3392 345.6608 13.40779012    06
NOSS 6 (F)
1 14795U 84012F   05245.90062279 0.00000140  00000-0  81671-4 0    07
2 14795  63.3780 206.4265 0616500   6.8509 353.1492 13.40683284    02
USA 3
1 15071U 84065C   05245.84685041 0.00000500  00000-0  60318-4 0    09
2 15071  95.9072 108.3555 0003000 191.2380 168.7619 14.83895170    06
NOSS 7 (A)
1 16591U 86014A   05245.90986413 0.00000080  00000-0  58709-4 0    01
2 16591  63.3910 157.9972 0550002   1.7056 358.2944 13.41089030    01
NOSS 7 (D)
1 16623U 86014D   05246.07950372 0.00000060  00000-0  43275-4 0    01
2 16623  63.3852 160.8510 0559000  10.5983 349.4018 13.40471153    01
NOSS 7 (E)
1 16624U 86014E   05246.07967942 0.00000060  00000-0  43348-4 0    04
2 16624  63.3850 160.9656 0558500  10.4527 349.5473 13.40471737    03
NOSS 7 (H)
1 16631U 86014H   05245.85610362 0.00000070  00000-0  51779-4 0    06
2 16631  63.3920 165.0642 0551500   1.4543 358.5457 13.40472360    06
NOSS 8 (A)
1 17997U 87043A   05221.85800195 0.00000060  00000-0  45839-4 0    03
2 17997  63.3960 127.3132 0536500   2.3781 357.6219 13.41299090    02
NOSS 8 (E)
1 18009U 87043E   05242.68114180 0.00000050  00000-0  40301-4 0    02
2 18009  63.3970  87.0483 0523000   5.4135 354.5866 13.40800325    09
NOSS 8 (F)
1 18010U 87043F   05242.68488892 0.00000040  00000-0  32242-4 0    02
2 18010  63.3960  87.0396 0523000   5.4999 354.5001 13.40798384    03
NOSS 8 (H)
1 18025U 87043H   05227.85166987 0.00000100  00000-0  84474-4 0    09
2 18025  63.3960 125.1990 0508000 359.0355   0.9645 13.40784575    03
USA 32
1 19460U 88078A   05247.08379413 0.00000050  00000-0  18414-4 0    04
2 19460  84.9840 198.5050 0004000 186.2570 173.7429 14.32678451    00
USA 39
1 20066U 89046A   05229.63366974 0.00000000  00000-0  00000-0 0    06
2 20066   8.6740  49.0632 0010000 308.7143  51.2857  1.00264000    03
USA 40 Rk
1 20344U 89061D   05242.71141206 0.00000070  00000-0  60960-4 0    07
2 20344  57.0217 117.4566 3559172 347.2239  12.7761  7.85772411    05
NOSS 2-1 (E)
1 20642U 90050E   05240.82387572 0.00000030  00000-0  33416-4 0    08
2 20642  63.4080 107.7198 0409000 357.5259   2.4741 13.40468692    00
NOSS 2-1 (C)
1 20691U 90050C   05240.82388503 0.00000020  00000-0  21847-4 0    01
2 20691  63.4120 108.3317 0417000   1.7434 358.2566 13.40468844    07
NOSS 2-1 (D)
1 20692U 90050D   05240.82396124 0.00000020  00000-0  21954-4 0    09
2 20692  63.4100 108.0474 0415000   2.2690 357.7310 13.40468702    09
DSP 15 (USA65)
1 20929U 90095A   04256.00000000 0.00000000  00000-0  00000-0 0    05
2 20929   8.0777  57.0885 0004797  62.1798 193.5524  1.00265954    07
Lacrosse 2
1 21147U 91017A   05245.81947947 0.00000250  00000-0  36763-4 0    07
2 21147  67.9868 114.0160 0003500 250.3968 109.6032 14.75337932    00
DMSP B5D2-6
1 21798U 91082A   05242.67127089 0.00000080  00000-0  40870-4 0    04
2 21798  98.6464 256.7835 0014000   8.8329 351.1670 14.15614540    01
NOSS 2-2 (C)
1 21799U 91076C   05247.11972250 0.00000020  00000-0  24047-4 0    02
2 21799  63.4110 340.1473 0376000   1.9666 358.0334 13.40469206    02
DSP 16 (USA75)
1 21805U 91080B   00096.00000000  .00000000  00000-0  00000+0 0    01
2 21805   4.0052  73.0438 0003900 333.0595 155.9741  1.00279584    02
NOSS 2-2 (D)
1 21808U 91076D   05246.37384221 0.00000010  00000-0  12104-4 0    05
2 21808  63.4110 342.3361 0373000   1.4186 358.5814 13.40468697    03
NOSS 2-2 (E)
1 21809U 91076E   05247.11976049 0.00000010  00000-0  12210-4 0    02
2 21809  63.4140 339.9788 0369000 355.9813   4.0187 13.40468876    06
USA 81
1 21949U 92023A   05245.85864089 0.00000030  00000-0  11481-4 0    00
2 21949  85.0100 127.1500 0002500  26.7121 333.2878 14.30731647    03
USA 89 PKM Rk
1 22519U 92086C   05246.10826884 0.00000950  00000-0  16769-3 0    07
2 22519  56.9170 218.4979 3216392 231.6294 128.3706  8.76151842    01
Alexis
1 22638U 93026A   05245.05885729 0.00000060  00000-0  21953-4 0    04
2 22638  69.9100 320.8003 0062000 106.3843 253.6157 14.31786247    09
Alexis Rk
1 22639U 93026B   05247.07994947 0.00000060  00000-0  22382-4 0    09
2 22639  69.9090 337.0584 0064000 119.0285 240.9715 14.30743900    02
USA 102
1 23031U 94017B   05245.88253285 0.00002400  00000-0  10615-3 0    02
2 23031 105.0400 319.7899 0015000  60.8394 299.1606 15.21536938    09
USA 103
1 23097U 94026A   01218.96279414 -.00001200  00000-0 -16063+0 0    09
2 23097  63.6810  37.3472 7214000 272.7731  87.2270  2.00657874    01
DMSP B5D2-7
1 23233U 94057A   05237.44264841 0.00000070  00000-0  36431-4 0    09
2 23233  98.5400 224.1971 0012000 302.2102  57.7897 14.14637031    03
DMSP B5D2-8
1 23533U 95015A   05242.69431948 0.00000100  00000-0  51844-4 0    03
2 23533  98.8146 256.9832 0008000 244.0998 115.9001 14.14862872    03
Milstar DFS 2
1 23712U 95060A   05073.71941303 0.00000000  00000-0  00000-0 0    01
2 23712   4.2940  81.5946 0010000 318.1451  41.8549  1.00277000    01
USA 116
1 23728U 95066A   05249.06868391 0.00001700  00000-0  86728-4 0    05
2 23728  97.8648  18.4474 0285000  66.4251 293.5748 14.87800711    08
MSX
1 23851U 96024A   05246.11905694 0.00000000  00000-0  00000-0 0    05
2 23851  99.1294 320.7401 0009000 345.6610  14.3389 13.97817855    08
NOSS 2-3 (D)
1 23862U 96029D   05245.89199331 0.00000020  00000-0  31433-4 0    09
2 23862  63.4220 258.9314 0224000   0.4705 359.5295 13.40468375    05
NOSS 2-3 (C)
1 23908U 96029C   05245.89202066 0.00000020  00000-0  31453-4 0    02
2 23908  63.4160 258.8238 0223500 357.4803   2.5197 13.40469841    06
NOSS 2-3 (E)
1 23936U 96029E   05245.89207893 0.00000020  00000-0  31391-4 0    07
2 23936  63.4200 259.0493 0225000   0.3728 359.6272 13.40470430    01
TiPS
1 23937U 96029F   05244.98378759 0.00001050  00000-0  80324-3 0    00
2 23937  63.3985 202.3101 0310997   3.5485 356.4515 13.72871714    03
USA 125 Rk2
1 23947U 96038C   05247.09078913 0.00000010  00000-0  24430-4 0    07
2 23947  55.3705 305.5005 4893000 128.8711 231.1289  5.48307911    06
USA 129
1 24680U 96072A   05249.13431158 0.00008500  00000-0  11447-3 0    06
2 24680  97.9622 311.4425 0521500 258.4937 101.5062 14.74124651    08
DMSP 5D-2 S-14
1 24753U 97012A   05242.65606147 0.00000050  00000-0  25807-4 0    02
2 24753  98.5540 259.0286 0009000 131.1187 228.8812 14.15098698    09
Lacrosse 3
1 25017U 97064A   05249.35538143 0.00000120  00000-0  19272-4 0    04
2 25017  57.0090 296.3206 0006000  93.2698 266.7301 14.71288076    08
USA 136
1 25034U 97068A   03038.62633649 -.00000400  00000-0 -28754+0 0    01
2 25034  63.1890 111.1910 6997000 268.0405  91.9595  2.00593611    08
GFO
1 25157U 98007A   05248.82625538 0.00000030  00000-0  11278-4 0    01
2 25157 108.0772 302.6920 0003500 254.2106 105.7894 14.31515599    04
STEX
1 25489U 98055A   05240.98531540 0.00000120  00000-0  33387-4 0    05
2 25489  84.9905 173.5970 0013000  95.2761 264.7237 14.46464595    00
ATEX
1 25615U 98055C   05245.00983427 0.00000140  00000-0  41407-4 0    03
2 25615  84.9890 177.4265 0010500  86.0206 273.9793 14.43523170    09
Milstar 3
1 25724U 99023A   05242.81812520 0.00000020  00000-0  25212-3 0    03
2 25724  28.2255 152.4207 2132000  34.6071 325.3924  9.37413907    07
MStar 3 CentRk
1 25725U 99023B   05246.38589084 0.00000040  00000-0  90671-4 0    00
2 25725  28.3209 307.9268 2385500 224.1376 135.8618  9.67046795    05
USA 144
1 25744U 99028A   05245.88819188 0.00000000  00000-0  00000-0 0    00
2 25744  63.4422 230.5713 0248000 293.8522  66.1478  9.69821556    04
DMSP F15
1 25991U 99067A   05247.04793803 0.00000080  00000-0  40545-4 0    02
2 25991  98.6160 294.1440 0011000 106.8777 253.1222 14.16060174    07
USA 148 Rk
1 26053U 00001B   04351.69042542 0.00020400  00000-0  24170-2 0    07
2 26053  25.7210 245.7488 6904730  55.5361 304.4636  2.78608348    09
DSP 20(USA149)
1 26356U 00024A   05092.64662822 0.00000100  00000-0  83224+4 0    06
2 26356   1.3865  71.8803 0012000 346.8336  13.1664  1.00320000    07
Lacrosse 4
1 26473U 00047A   05248.79107875 0.00000050  00000-0  94694-5 0    01
2 26473  67.9950 256.6970 0002500 251.0529 108.9471 14.64220415    05
USA 160
1 26905U 01040A   05245.87237161 0.00000020  00000-0  36393-4 0    01
2 26905  63.4370 197.7525 0009000 147.4528 212.5472 13.40488544    07
USA 160 r
1 26906U 01040B   05245.91559007 0.00000020  00000-0  34605-4 0    07
2 26906  63.4716 181.7856 0025000 177.3079 182.6921 13.43633058    04
USA 160 (C)
1 26907U 01040C   05245.87228693 0.00000020  00000-0  36395-4 0    05
2 26907  63.4310 197.5617 0008000 150.9931 209.0069 13.40488123    05
USA 161
1 26934U 01044A   05249.01468629 0.00001600  00000-0  91258-4 0    08
2 26934  97.9140 356.0019 0344500 142.6958 217.3041 14.74166175    01
Milstar 5
1 27168U 02001A   05227.98930977 0.00000000  00000-0  00000-0 0    08
2 27168   1.8779 324.5948 0004000  17.8016 342.1984  1.00270000    01
Milstar 5 Cn r
1 27169U 02001B   05225.29010324 0.00000000  00000-0  00000-0 0    06
2 27169   3.4875 310.0807 0049829  76.8537 283.7141  1.00145409    01
IGS 1A
1 27698U 03009A   05245.87810878 0.00000000  00000-0  00000-0 0    00
2 27698  97.4181 318.0625 0002000  36.1217 323.8782 15.25953369    02
IGS 1B
1 27699U 03009B   05246.90180878 0.00000000  00000-0  00000-0 0    06
2 27699  97.4161 319.1277 0001500 344.1860  15.8138 15.25954878    05
Milstar 6
1 27711U 03012A   05191.20719353 0.00000000  00000-0  00000-0 0    03
2 27711   2.3800 272.7763 0006000 293.3768  66.6232  1.00269800    02
Milstar 6 Cr
1 27712U 03012B   05242.77991508 0.00000000  00000-0  00000-0 0    07
2 27712   1.8687 319.3751 0038546 146.9678 213.2858  1.00558856    04
USA 171 r
1 27938U 03041B   05187.71376773 0.00000000  00000-0  00000-0 0    02
2 27938   5.1386 227.2079 0035678 155.2146 204.9689  1.00852457    06
DMSP F16
1 28054U 03048A   05246.82239544 0.00000000  00000-0  00000-0 0    01
2 28054  98.8408 286.2505 0007000 130.2326 229.7673 14.13409506    09
NOSS 3-2 (A)
1 28095U 03054A   05245.83511808 0.00000030  00000-0  53743-4 0    08
2 28095  63.4330 114.6207 0074000 176.4804 183.5196 13.40475422    02
NOSS 3-2 r
1 28096U 03054B   05245.88406691 0.00000030  00000-0  53236-4 0    04
2 28096  63.6780 127.5258 0091000 144.1640 215.8360 13.40559748    08
NOSS 3-2 (C)
1 28097U 03054C   05245.83519800 0.00000030  00000-0  53696-4 0    07
2 28097  63.4390 114.8072 0076000 177.6017 182.3983 13.40475813    08
USA 179 Cn r
1 28385U 04034B   05245.10664362 0.00000300  00000-0  93657-4 0    01
2 28385  57.4771 358.0168 5246938  29.7072 330.2928  5.16840918    03
NOSS 3-3 (A)
1 28537U 05004A   05247.12257532 0.00000030  00000-0  52714-4 0    08
2 28537  63.4340 341.1172 0110000 178.7278 181.2723 13.40470160    08
NOSS 3-3 r
1 28538U 05004B   05247.15087669 0.00000020  00000-0  33528-4 0    05
2 28538  63.8281 346.4675 0124000 160.4600 199.5400 13.42850855    04
NOSS 3-3 (C)
1 28541U 05004C   05247.12266215 0.00000030  00000-0  52714-4 0    01
2 28541  63.4360 341.3192 0110000 178.9472 181.0529 13.40470299    02
XSS-11 r
1 28637U 05011B   05242.65101998  .00000007  00000-0  39391-5 0    05
2 28637  98.8330 234.3139 0016670 106.2114 254.0892 14.11042821    03
Lacrosse 5
1 28646U 05016A   05241.67588498 0.00000060  00000-0  14324-4 0    02
2 28646  57.0110  37.3487 0006000  76.2535 283.7465 14.53363701    06
Lacrosse 5 r
1 28647U 05016B   05246.17799602 0.00000400  00000-0  30568-4 0    00
2 28647  57.0060 351.0452 0156000 233.1109 126.8891 14.92301106    00
Unknown 981015
1 90002U 98789A   05139.51344282 0.00000000  00000-0  00000-0 0    02
2 90002  14.0004 342.3058 0016017 304.6266  55.2345  0.99810416    01
Unknown 990103
1 90003U 99503A   05178.31352745 0.00000000  00000-0  00000-0 0    02
2 90003  12.9333  25.4771 0009882 106.0296 254.0913  0.98680036    06
Unknown 990907
1 90004U 99750A   05189.67356300 0.00001355  00000-0  40183-0 0    09
2 90004  64.2160  25.2859 7115283 281.2924 359.9000  2.01462867    02
Unknown 991031
1 90005U 99804A   05228.05645832 0.00000000  00000-0  00000-0 0    07
2 90005   7.9433   6.0311 0469739 240.7477 114.4990  0.99566349    01
Unk 2000 096
1 90006U 00596A   05189.77132254 0.00000188  00000-0  19011-0 0    01
2 90006  63.3609 234.6058 6937840 284.4072  75.5928  2.00662971    05
Unknown 000601
1 90007U 00653A   05152.66069363 0.00000000  00000-0  00000-0 0    05
2 90007   9.2052  50.1897 0049394  46.2897 314.1304  1.00237613    00
Unknown 001203
1 90008U 00838A   05246.60327503 0.00000000  00000-0  00000-0 0    02
2 90008   6.6995 117.7548 0020277 167.7646 192.2968  1.00556551    07
Unknown 010313
1 90009U 01572A   05162.57750084 0.00000000  00000-0  00000-0 0    06
2 90009   1.7562  15.3426 0011002 353.3084   0.0000  1.00270000    02
Unknown 030305
1 90013U 03564A   05240.96231982 0.00000000  00000-0  00000-0 0    05
2 90013   7.0770   7.4821 0042000 210.7204 149.2796  1.00270100    09
Unknown 030226
1 90014U 03557A   03195.08693642 0.00000000  00000-0  00000-0 0    03
2 90014   3.0191 312.9259 0015000 128.7449 231.2551  1.00270928    00
Unknown 030405
1 90015U 03595A   03164.24092467 -.00000030  00000-0 -22020+4 0    02
2 90015   8.2529 353.4913 1053820 252.9496 107.0504  1.00272266    00
Unknown 030923
1 90016U 03766A   05242.01090587 0.00000000  00000-0  00000-0 0    04
2 90016   6.6641  12.7204 0558721 178.8653 181.2892  1.00363457    03
Unknown 031007
1 90017U 03780A   03285.00000000  .00000000  00000-0  00000-0 0    06
2 90017   2.9804  87.4098 0002000 137.6627 165.0978  1.00267914    08
Unknown 040208
1 90020U 04539A   05104.22920099 0.00001091  00000-0  17127+1 0    07
2 90020  64.8150 301.9855 6853513 268.6756   0.0200  2.00684958    03
Unknown 040920
1 90022U 04764A   05221.09994802 0.00000000  00000-0  00000-0 0    08
2 90022  10.9613  72.5253 0322548 238.6082 118.2096  0.99516000    09
Unknown 041002
1 90023U 04776A   05189.90841197 0.00000000  00000-0  00000-0 0    03
2 90023   5.0000 186.0633 0008147 191.9926 168.0074  1.00270300    04
Unknown 041011
1 90024U 04785A   05059.45193931 0.00000000  00000-0  00000-0 0    06
2 90024   0.0300 268.7861 0001000   3.7792 356.2208  1.00270000    03
Unknown 041026
1 90025U 04800A   05104.78106664 0.00001307  00000-0  17374-1 0    03
2 90025  64.1518 319.2103 7385146 266.2214   0.0300  2.00645189    07
Unknown 041104
1 90026U 04809A   04363.44752894 0.00000000  00000-0  00000-0 0    00
2 90026  64.2267 221.0572 7009015 257.5376 102.4624  2.00613454    06
Unknown 041206
1 90027U 04841A   05127.51128494 0.00000900  00000-0  10532+1 0    07
2 90027  62.2257 194.1945 6911576 267.5744  92.4257  2.00621374    01
Unknown 041211
1 90028U 04846A   05127.53956373 0.00001250  00000-0  14576-0 0    01
2 90028  64.1164  85.0490 7228039 263.8221   0.4400  2.00621234    02
Unknown 050112
1 90029U 05512A   05023.88728930 0.00000000  00000-0  00000-0 0    01
2 90029  13.5000  15.2219 0005000 355.6553   4.3525  0.98956716    08
Unknown 050213
1 90030U 05544A   05184.46902759 0.00000000  00000-0  00000-0 0    03
2 90030   5.6420  48.7738 0113059 163.0396 197.3539  0.99581836    01
Unknown 050215
1 90031U 05546A   05228.04068972 0.00000000  00000-0  00000-0 0    09
2 90031   0.7650  48.9096 0007000  44.0692 315.9308  1.00270000    00
Unknown 050318
1 90032U 05577A   05116.46023920 0.00000411  00000-0  60364-2 0    07
2 90032  63.5256 327.4948 7380134 263.0325  96.9675  2.00614585    00
Unknown 050227
1 90033U 05558A   05228.28063370 0.00000000  00000-0  00000-0 0    07
2 90033   1.7200  73.5129 0030000  29.5665 330.4335  1.00270000    01
Unknown 050402
1 90034U 05592A   05221.16138785 0.00000000  00000-0  00000-0 0    09
2 90034   3.5427  44.3138 0012000 343.3780  16.6220  1.00270000    00
Unknown 050505
1 90035U 05625A   05242.07013779 0.00000000  00000-0  00000-0 0    05
2 90035   0.0100  63.6104 0003000  35.3679 324.6321  1.00270000    07
Unknown 050509
1 90036U 05629A   05228.78547043 0.00000000  00000-0  00000-0 0    08
2 90036   2.0800 320.2763 0020000 145.0154 214.9846  1.00270000    09
Unknown 050518
1 90037U 05638A   05228.00236218 0.00000000  00000-0  00000-0 0    03
2 90037  14.1492  35.7934 0022005 229.9244 130.0756  1.00271500    02
Unknown 050518
1 90038U 05638B   05228.76265064 0.00000000  00000-0  00000-0 0    08
2 90038   3.9900 311.2450 0040000 201.6904 158.3096  1.00270400    01
Unknown 050708
1 90039U 05689A   05244.74247175 0.00000787  00000-0  36435-0 0    07
2 90039  63.8838  24.8376 7064540 260.5103  99.4897  2.00576883    07
Unknown 050702
1 90040U 05683A   05248.93704877 0.00000300  00000-0  35223-3 0    03
2 90040  27.6099 168.1590 7003086 179.1391 180.8608  2.57986519    06
