DTUSAT                  
1 27842U 03031C   09117.55018194  .00000051  00000-0  43814-4 0  5425
2 27842  98.7068 128.4111 0008614 272.7987  87.2217 14.20976629302156
CUTE-1 (CO-55)          
1 27844U 03031E   09117.56383462  .00000051  00000-0  44095-4 0  5669
2 27844  98.7144 127.4443 0009077 292.9470  67.0769 14.20633927302075
QUAKESAT                
1 27845U 03031F   09118.06391997  .00000065  00000-0  50928-4 0  5418
2 27845  98.7205 127.3389 0008485 311.7585  48.2872 14.20264142302054
AAU CUBESAT             
1 27846U 03031G   09118.53559403  .00000051  00000-0  43573-4 0  4770
2 27846  98.7070 129.3765 0008692 270.8202  89.1973 14.20976793302290
CANX-1                  
1 27847U 03031H   09117.98023744  .00000027  00000-0  32825-4 0  4910
2 27847  98.7069 128.8210 0008640 271.4559  88.5606 14.20959436302160
CUBESAT XI-IV (CO-57)   
1 27848U 03031J   09117.53431897  .00000053  00000-0  45047-4 0  5127
2 27848  98.7165 126.4767 0009182 298.4572  61.5675 14.20436689302038
UWE-1                   
1 28892U 05043C   09117.72340189  .00000151  00000-0  41087-4 0  3224
2 28892  98.0632   9.2324 0018008 142.9770 217.2690 14.59727970186481
CUBESAT XI-V (CO-58)    
1 28895U 05043F   09118.71173401  .00000083  00000-0  26890-4 0  2888
2 28895  98.0671  10.7000 0018519 139.6054 220.6535 14.59761933186517
NCUBE-2                 
1 28897U 05043H   09118.15889424  .00000093  00000-0  28821-4 0  8341
2 28897  98.0632  10.0724 0017680 142.1248 218.1198 14.59938845178723
CUTE-1.7+APD (CO-56)    
1 28941U 06005C   09118.61850585  .00035393  30649-5  14467-3 0   314
2 28941  98.1340 283.9864 0097227 318.7672  40.6258 15.79302177179411
GENESAT-1               
1 29655U 06058C   09117.45858054  .00009254  00000-0  96081-4 0  6943
2 29655  40.0254 140.9310 0000881 318.8734  41.2016 15.64519400134527
CSTB1                   
1 31122U 07012F   09118.84306510  .00000554  00000-0  13192-3 0  6210
2 31122  97.9977 178.0061 0086745  67.7350 293.2897 14.55234141107985
MAST                    
1 31126U 07012K   09118.05664397  .00000024  00000-0  15667-4 0  5814
2 31126  97.9923 175.1455 0095784  75.6746 285.5070 14.53491866107754
LIBERTAD-1              
1 31128U 07012M   09118.05448958 -.00000046  00000-0  00000+0 0  6152
2 31128  97.9899 173.4237 0104048  80.6070 280.6872 14.52036422107621
POLYSAT CP3             
1 31129U 07012N   09118.14740581  .00000013  00000-0  13555-4 0  8845
2 31129  97.9957 173.6130 0103787  80.2177 281.0725 14.52124652107629
CAPE1                   
1 31130U 07012P   09118.11480425  .00000099  00000-0  33225-4 0  5861
2 31130  97.9958 173.4986 0104032  80.8374 280.4577 14.52051912107422
POLYSAT CP4             
1 31132U 07012Q   09117.67688400 -.00000019  00000-0  58844-5 0  5921
2 31132  97.9982 176.8177 0086824  70.9725 290.0827 14.55200100107689
NTS (CANX-6)            
1 32784U 08021B   09118.31739814 -.00000087  00000-0 -43308-5 0  3534
2 32784  97.9511 182.5182 0016019 183.8094 176.2994 14.81036208 54049
CUTE-1.7+APD II         
1 32785U 08021C   09118.21215645  .00000309  00000-0  46196-4 0  3504
2 32785  97.9487 182.5804 0014104 190.8788 169.2121 14.81473507 54045
COMPASS-1               
1 32787U 08021E   09117.72021321  .00000058  00000-0  14203-4 0  3423
2 32787  97.9437 181.9603 0015330 192.7487 167.3338 14.81584920 53973
AAUSAT-II               
1 32788U 08021F   09118.16497622  .00000438  00000-0  62276-4 0  3430
2 32788  97.9468 182.4542 0015205 191.1655 168.9205 14.81708890 54040
DELFI-C3                
1 32789U 08021G   09118.72615704  .00000219  00000-0  34565-4 0  3523
2 32789  97.9505 183.1416 0015317 188.4152 171.6805 14.81676317 54120
CANX-2                  
1 32790U 08021H   09118.21428491  .00000434  00000-0  62192-4 0  3373
2 32790  97.9493 182.5603 0015553 189.5352 170.5566 14.81461141 54023
SEEDS II                
1 32791U 08021J   09118.16257141  .00000329  00000-0  48758-4 0  3342
2 32791  97.9481 182.4325 0015513 189.5144 170.5779 14.81420248 54003
PSLV DEB                
1 32797U 08021L   09115.65114190  .00002213  00000-0  27881-3 0  1586
2 32797  97.9725 180.9769 0016122 200.8978 159.2324 14.82934099 52377
