ALSAT 1                 
1 27559U 02054A   05249.81319042  .00000118  00000-0  32244-4 0  2337
2 27559  98.1202 139.2199 0011941  94.2174 266.0393 14.62755336148025
NIGERIASAT 1            
1 27941U 03042C   05249.76277596  .00000111  00000-0  30935-4 0  3419
2 27941  98.1208 139.3170 0011806 151.8699 208.3143 14.62746658103860
UK-DMC                  
1 27942U 03042D   05249.79611399  .00000099  00000-0  28610-4 0  3160
2 27942  98.1204 139.2417 0011407 159.9915 200.1736 14.62757294103863
BILSAT 1                
1 27943U 03042E   05249.71131656  .00000045  00000-0  17987-4 0  1317
2 27943  98.1206 139.1851 0012065 149.9779 210.2124 14.62742455103850
