LES 9                   
1 08747U 76023B   09117.10988685 -.00000052  00000-0  10000-3 0  2756
2 08747  10.8524 149.8725 0022919 320.4201  39.5727  1.00266367 66915
MARISAT 2               
1 09478U 76101A   09116.25620478 -.00000067  00000-0  10000-3 0  1387
2 09478  13.2293 356.2478 0098092 199.4853 160.0808  0.97590113 62389
GOES 3                  
1 10953U 78062A   09117.68663253 -.00000130  00000-0  10000-3 0  4789
2 10953  14.3436   0.5008 0004116 339.7776  20.1674  1.00267880 66169
ESIAFI 1 (COMSTAR 4)    
1 12309U 81018A   09118.21195108 -.00000135  00000-0  10000-3 0  2222
2 12309  13.8931  10.6139 0005955 283.1458  76.7441  1.00261414104695
SATCOM C5               
1 13631U 82105A   09116.78332898 -.00000101  00000-0  10000-3 0  6157
2 13631  12.4492  32.0293 0005408 282.3566  77.5125  1.00273070 63608
TDRS 1                  
1 13969U 83026B   09115.70330061 -.00000293  00000-0  10000-3 0  8553
2 13969  13.3032   9.6681 0022485 235.2218 173.1958  1.00277931 68475
GSTAR 1                 
1 15677U 85035A   09116.83748532 -.00000091  00000-0  10000-3 0  1317
2 15677  10.5746  51.3906 0008544 272.6104  87.2043  1.00272624 62464
INTELSAT 511            
1 15873U 85055A   09118.15713605 -.00000362  00000-0  10000-3 0  3736
2 15873  11.9203  39.6361 0015528 290.6843  69.0719  1.00104770 61888
GOES 7                  
1 17561U 87022A   09117.45062646  .00000055  00000-0  10000-3 0  9231
2 17561  12.0065  37.7274 0003159 214.4241 308.5361  1.00264092 64406
GSTAR 3                 
1 19483U 88081A   09116.75552480 -.00000104  00000-0  10000-3 0  2075
2 19483  14.2531  21.4770 0007569 338.8625  21.0508  1.00273008 71843
TDRS 3                  
1 19548U 88091B   09117.63408284 -.00000190  00000-0  10000-3 0  2433
2 19548  11.7456  40.4233 0024650 316.9845 171.4792  1.00270882 62638
ASTRA 1A                
1 19688U 88109B   09113.55150398 -.00000121  00000-0  10000-3 0  5634
2 19688   7.4834  64.9814 0018293 307.5055  52.2966  0.98337921 54517
TDRS 4                  
1 19883U 89021B   09118.38981641 -.00000281  00000-0  10000-3 0  5697
2 19883  10.3965  52.3943 0002859 305.5975 312.8464  1.00278541246210
INTELSAT 602 (IS-602)   
1 20315U 89087A   09117.54014465  .00000038  00000-0  10000-3 0  8792
2 20315   6.7844  66.7844 0001229 333.4208 187.7387  1.00272187 69211
LEASAT 5                
1 20410U 90002B   09116.86248461 -.00000309  00000-0  10000-3 0  1050
2 20410   8.2269  35.6586 0000302 199.5377  30.3148  1.00272619 55923
INTELSAT 603 (IS-603)   
1 20523U 90021A   09117.06653063 -.00000151  00000-0  10000-3 0  4549
2 20523   6.2659  68.3568 0001811 325.1549 185.6457  1.00270228 62969
ASIASAT 1               
1 20558U 90030A   09118.52052711 -.00000061  00000-0  10000-3 0  6904
2 20558   8.9365  60.8931 0003668 227.9316 131.9398  0.99245214 69581
INSAT-1D                
1 20643U 90051A   09117.35631880 -.00000074  00000-0  10000-3 0  2283
2 20643   9.6834  56.8859 0017347  23.4386 336.5430  1.00286508 55987
COSMOS 2085             
1 20693U 90061A   09116.28551416 -.00000130  00000-0  10000-3 0  9286
2 20693  12.0489  36.2577 0003441 285.7372  74.1382  1.00265485 68721
SKYNET 4C               
1 20776U 90079A   09118.74924162  .00000076  00000-0  00000+0 0  9229
2 20776   9.7472  47.8152 0002512 336.2280 115.8223  1.00275163 68195
EUTELSAT 2-F1           
1 20777U 90079B   09116.76055057 -.00000165  00000-0  10000-3 0  8783
2 20777   9.1252  59.9816 0001667 172.4181 187.5059  0.99345417 48577
GALAXY 6                
1 20873U 90091B   09117.52015187  .00000085  00000-0  10000-3 0  2693
2 20873   6.0515  69.2180 0001378  13.7045 346.2014  0.99763313 62340
INMARSAT 2-F1           
1 20918U 90093A   09117.51864705  .00000111  00000-0  10000-3 0  3839
2 20918   6.4942  55.6736 0002953 328.4393 236.2126  1.00268579 64167
GSTAR 4                 
1 20946U 90100B   09114.56485652 -.00000080  00000-0  10000-3 0  2713
2 20946   6.2371  69.0992 0004014 209.8405 150.1063  0.99144696 62208
COSMOS 2133             
1 21111U 91010A   09118.30667759 -.00000106  00000-0  10000-3 0  1342
2 21111  11.1665  42.3795 0004292 327.7179  32.1732  1.00285278 66688
INMARSAT 2-F2           
1 21149U 91018A   09117.44757501 -.00000134  00000-0  10000-3 0  4928
2 21149   5.8072  55.9706 0004317 333.5301 249.1786  1.00270960 66459
TDRS 5                  
1 21639U 91054B   09117.61593906  .00000109  00000-0  10000-3 0  4345
2 21639   9.7456  56.2089 0009994 324.9696 248.8135  1.00279730 64958
ANIK E1                 
1 21726U 91067A   09117.09102613 -.00000118  00000-0  10000-3 0  1448
2 21726   5.6380  71.2131 0004401 219.8635 140.0156  0.99172690 55190
INTELSAT 601 (IS-601)   
1 21765U 91075A   09118.67441127  .00000124  00000-0  10000-3 0  7645
2 21765   4.3615  72.9157 0000152 257.8979 176.2368  1.00272429 63928
EUTELSAT 2-F3           
1 21803U 91083A   09117.95726899  .00000086  00000-0  10000-3 0  7118
2 21803   8.2974  63.0503 0002998 267.6440  92.2232  0.99295516 59516
GALAXY 5                
1 21906U 92013A   09117.26073387 -.00000269  00000-0  10000-3 0  8987
2 21906   4.1063  74.1494 0015948 278.6372  81.0946  0.99289597 54257
INMARSAT 2-F4           
1 21940U 92021B   09117.66553168 -.00000348  00000-0  10000-3 0  2069
2 21940   4.4314  50.2802 0002235 349.9030 164.0988  1.00266700 62344
EUTELSAT 2-F4           
1 22028U 92041B   09116.53732126 -.00000063  00000-0  10000-3 0  1565
2 22028   7.4928  66.2783 0003768  80.0166 279.9381  0.99080073 54209
SATCOM C3               
1 22117U 92060B   09118.48507094 -.00000235  00000-0  10000-3 0  1173
2 22117   4.2593  73.0599 0001355  14.8288 224.2770  1.00270959 60874
HELLAS SAT 1 (DFS 3)    
1 22175U 92066A   09117.72191674 -.00000270  00000-0  10000-3 0  3566
2 22175   6.7853  67.0797 0005732 285.5016  74.3358  0.99732616 58172
GORIZONT 27             
1 22245U 92082A   09117.08778338 -.00000140  00000-0  10000-3 0  4410
2 22245  11.1654  45.4164 0014911 226.8243 132.9665  1.00228675 64432
COSMOS 2224             
1 22269U 92088A   09113.56502372 -.00000057  00000-0  10000-3 0  5546
2 22269  10.2976  48.1942 0001945  64.9876 294.9845  1.00264112 59366
TDRS 6                  
1 22314U 93003B   09117.64012245  .00000095  00000-0  10000-3 0  4600
2 22314   9.0920  59.2846 0006551 326.9117 248.5848  1.00275029 59676
ASTRA 1C                
1 22653U 93031A   09118.73759388  .00000009  00000-0  10000-3 0  4081
2 22653   2.4623  78.3578 0004043 311.1787  94.8062  1.00271463 53566
INSAT-2B                
1 22724U 93048B   09117.10191102 -.00000061  00000-0  10000-3 0  2191
2 22724   7.8003  64.1590 0012950  39.3658 320.6339  0.99984430 58008
ACTS                    
1 22796U 93058B   09116.85833126 -.00000085  00000-0  10000-3 0  6405
2 22796   9.3101  58.4157 0004910 343.0177  16.8728  1.00273103 64134
INTELSAT 701 (IS-701)   
1 22871U 93066A   09116.58338535  .00000059  00000-0  10000-3 0  3522
2 22871   0.0001 282.4693 0002920 111.6535 210.6162  1.00272982 56686
GORIZONT 29             
1 22907U 93072A   09117.09101914 -.00000130  00000-0  10000-3 0  6552
2 22907  10.6607  48.8547 0012859 207.2059 152.6303  1.00170538 56510
SOLIDARIDAD 1           
1 22911U 93073A   09116.86211149 -.00000110  00000-0  10000-3 0  1759
2 22911   7.7803  64.1444 0000728  22.5162 337.3953  1.00272812 55141
METEOSAT-6 (MOP-3)      
1 22912U 93073B   09117.87843240 -.00000018  00000-0  10000-3 0   379
2 22912   8.2552  60.4773 0002050 309.9278 229.2009  1.00272068 54966
NATO 4B                 
1 22921U 93076A   09118.44936855  .00000147  00000-0  10000-3 0  1509
2 22921   7.6671  53.1084 0002501 326.8435  33.0301  1.00273318 56393
THAICOM 1               
1 22931U 93078B   09117.79144340 -.00000361  00000-0  10000-3 0  3623
2 22931   0.2033  68.5896 0001469 198.5468 353.6353  1.00275230 55817
GOES 8                  
1 23051U 94022A   09117.99957237  .00000031  00000-0  10000-3 0  7645
2 23051   5.6242  74.3344 0006239 187.8261 172.0743  0.98904971 62223
INTELSAT 702 (IS-702)   
1 23124U 94034A   09117.59795394  .00000017  00000-0  10000-3 0  2031
2 23124   0.0102 328.0417 0003011  70.8913  92.8092  1.00414050 68611
INTELSAT 2 (IS-2)       
1 23175U 94040A   09117.45811602 -.00000027  00000-0  10000-3 0  4168
2 23175   0.3307  85.4034 0002517 303.8029 160.3897  1.00272138 53520
BS-3N                   
1 23176U 94040B   09113.96885054 -.00000341  00000-0  10000-3 0    34
2 23176   0.0396 352.5353 0003929 356.7491 321.5503  1.00272245 53980
APSTAR 1                
1 23185U 94043A   09117.54876532 -.00000263  00000-0  10000-3 0  1715
2 23185   4.2925  73.0164 0001021 309.1164 173.0871  1.00273937 54077
DIRECTV 2 (DBS 2)       
1 23192U 94047A   09114.60725357 -.00000143  00000-0  10000-3 0  4438
2 23192   2.2548  78.2777 0012678 197.7709 162.3106  0.98636702 63900
BRASILSAT B1            
1 23199U 94049A   09118.46137153 -.00000271  00000-0  10000-3 0  2683
2 23199   2.0331  79.1301 0001433 315.2592 280.2567  1.00274886 64774
OPTUS B3                
1 23227U 94055A   09118.40275619 -.00000075  00000-0  10000-3 0  3319
2 23227   1.3242  80.2290 0004881 306.6579 138.6147  1.00272304 53702
NSS-703                 
1 23305U 94064A   09117.77681602  .00000073  00000-0  10000-3 0  9265
2 23305   0.0085 217.1130 0002547 175.1734 160.2456  1.00271177 53423
SOLIDARIDAD 2           
1 23313U 94065A   09117.64280709 -.00000023  00000-0  10000-3 0  3297
2 23313   1.1107  80.7831 0002160 318.9082 292.5710  1.00272487 53286
THAICOM 2               
1 23314U 94065B   09118.88149523 -.00000125  00000-0  10000-3 0  2475
2 23314   0.1010  48.6527 0002385 251.3375 312.8210  1.00271497 53278
EXPRESS 1               
1 23319U 94067A   09117.78624967 -.00000198  00000-0  10000-3 0  6890
2 23319   7.9842  63.4739 0002322  63.7425 296.1829  0.99822270 53114
ASTRA 1D                
1 23331U 94070A   09117.92150429  .00000155  00000-0  00000+0 0  8980
2 23331   1.5295  78.4454 0002640 298.7538 201.8549  1.00269088 53531
RADUGA 32               
1 23448U 94087A   09117.34125531 -.00000089  00000-0  10000-3 0  1355
2 23448  10.1182  52.9566 0004156 141.2855 218.6501  1.00284150 70170
INTELSAT 704 (IS-704)   
1 23461U 95001A   09117.85294269 -.00000001  00000-0  10000-3 0  9350
2 23461   0.0105 254.7228 0005342 138.0823 196.2195  1.00271774 52394
INTELSAT 705 (IS-705)   
1 23528U 95013A   09114.21265852 -.00000273  00000-0  10000-3 0  8484
2 23528   0.0099 227.5948 0003172 179.0925 192.2496  1.00270944 51537
BRASILSAT B2            
1 23536U 95016A   09118.47731404 -.00000170  00000-0  00000+0 0   112
2 23536   1.2090  82.7327 0002888 315.9299 257.7304  1.00270933 51645
AMSC 1                  
1 23553U 95019A   09117.46094821 -.00000110  00000-0  00000+0 0  1156
2 23553   4.3866  73.0727 0002311 325.2413 241.8951  1.00271265 51448
INTELSAT 706 (IS-706)   
1 23571U 95023A   09113.84097760  .00000095  00000-0  10000-3 0  9158
2 23571   0.0226 251.4219 0003135 148.8221 169.3644  1.00273505 51026
DIRECTV 3 (DBS 3)       
1 23598U 95029A   09117.37276091 -.00000217  00000-0  10000-3 0   520
2 23598   0.1534  87.3209 0002482 348.8082 191.5519  1.00270321 50787
TDRS 7                  
1 23613U 95035B   09118.33109851  .00000119  00000-0  10000-3 0  5043
2 23613  10.9331  48.7395 0004545 351.2333 145.0187  1.00279812 50492
INTELSAT 4 (IS-4)       
1 23636U 95040A   09117.60100277 -.00000056  00000-0  10000-3 0  9603
2 23636   0.0671  92.6196 0002885 295.8859 115.5865  1.00273059 50269
COSMOS 2319             
1 23653U 95045A   09117.05316350  .00000055  00000-0  10000-3 0    11
2 23653   9.7391  55.1985 0003048  51.0107 308.9271  1.00280369 50017
TELSTAR 4 (TELSTAR 402R)
1 23670U 95049A   09116.88100605 -.00000102  00000-0  10000-3 0  9167
2 23670   5.2202  70.6444 0004077 237.9382 121.9368  1.00242490 49777
LUCH 1                  
1 23680U 95054A   09117.36359927 -.00000111  00000-0  10000-3 0  7530
2 23680   8.8532  64.0396 0007087 307.3494  52.4938  1.00272769 49634
ASTRA 1E                
1 23686U 95055A   09114.00000000  .00000146  00000-0  00000+0 0  9905
2 23686   0.0590 168.0460 0002846 283.2750 144.3310  1.00269301 49565
ASIASAT 2               
1 23723U 95064A   09118.57435593 -.00000310  00000-0  10000-3 0  9237
2 23723   0.0763  52.5255 0002142 324.0717 147.3637  1.00272755 49140
TELECOM 2C              
1 23730U 95067A   09117.76039955  .00000022  00000-0  10000-3 0   959
2 23730   5.0570  71.3487 0003524 309.1262 112.2840  1.00275486 49162
ECHOSTAR 1              
1 23754U 95073A   09116.54629206  .00000135  00000-0  10000-3 0   765
2 23754   0.0371  73.2658 0002357 283.4477 266.5545  1.00271804 48667
INTELSAT 3R (IS-3R)     
1 23764U 96002A   09116.71675762 -.00000263  00000-0  10000-3 0  6293
2 23764   0.0194 160.7074 0002187 239.2242  29.9338  1.00269355 48675
AFRICASAT-1 (MEASAT-1)  
1 23765U 96002B   09118.76046884  .00000131  00000-0  10000-3 0  8293
2 23765   1.4895  79.6643 0000935 358.3303  98.5969  1.00271263 48672
KOREASAT 2              
1 23768U 96003A   09118.59244017 -.00000364  00000-0  10000-3 0  7430
2 23768   2.2371  78.0054 0000589  29.2705  79.2080  1.00272733 48658
HGS-3                   
1 23779U 96006A   09117.74088456  .00000155  00000-0  10000-3 0  1907
2 23779   0.0512 120.0117 0002607 276.4753 124.1247  1.00274849 48423
INTELSAT 707 (IS-707)   
1 23816U 96015A   09118.41644096 -.00000286  00000-0  10000-3 0  8400
2 23816   0.0141   5.3880 0003094  39.9138 268.1370  1.00270319 48070
INMARSAT 3-F1           
1 23839U 96020A   09118.67353271  .00000009  00000-0  10000-3 0  7064
2 23839   0.2218  56.7067 0004282 349.2041 117.8118  1.00271623 47875
ASTRA 1F                
1 23842U 96021A   09114.00000000  .00000129  00000-0  00000+0 0  9757
2 23842   0.0300 236.6360 0004442 139.9810 214.7430  1.00267082 47733
MSAT M1                 
1 23846U 96022A   09118.28331178 -.00000080  00000-0  10000-3 0  4644
2 23846   1.7340  78.8834 0005442 317.2670 175.7294  1.00271642 47693
PALAPA C2               
1 23864U 96030A   09117.77966354 -.00000356  00000-0  10000-3 0  8578
2 23864   0.0028 191.2130 0003956 309.5976 108.6691  1.00271460 47412
AMOS 1                  
1 23865U 96030B   09118.11138189 -.00000014  00000-0  10000-3 0   714
2 23865   0.7707  84.9069 0004001 299.0530 230.8850  1.00274270 47411
GALAXY 9 (G-9)          
1 23877U 96033A   09118.46091346 -.00000226  00000-0  10000-3 0   738
2 23877   0.6545  81.0946 0001714 325.8050 254.5755  1.00269729 47362
GORIZONT 32             
1 23880U 96034A   09118.02134910 -.00000113  00000-0  10000-3 0  1950
2 23880   9.3176  57.0745 0002444 304.8806 208.2915  1.00272126 47335
INTELSAT 709 (IS-709)   
1 23915U 96035A   09117.93777815 -.00000184  00000-0  10000-3 0  9299
2 23915   0.0665  73.8345 0003457 337.4640 227.4970  1.00271531 47153
APSTAR 1A               
1 23943U 96039A   09117.86891778 -.00000336  00000-0  10000-3 0   190
2 23943   3.6000  74.4877 0001224 293.0480 291.2209  1.00267867 46961
TURKSAT 1C              
1 23949U 96040B   09118.85882612  .00000151  00000-0  10000-3 0  9996
2 23949   1.0440  79.2119 0003700 309.8014 168.1043  1.00273196 46903
TELECOM 2D              
1 24209U 96044B   09116.77079807 -.00000059  00000-0  10000-3 0  8800
2 24209   2.7763  76.4047 0007005 312.7124  95.4322  1.00271884 46707
INMARSAT 3-F2           
1 24307U 96053A   09117.88604286 -.00000122  00000-0  10000-3 0  8011
2 24307   0.0978  17.7718 0005054   3.9692 137.7306  1.00271393 46289
ECHOSTAR 2              
1 24313U 96055A   09118.47937802 -.00000183  00000-0  10000-3 0  9983
2 24313   0.7525  80.8128 0002343 264.0669 312.7996  1.00346166 46314
AMC-1 (GE-1)            
1 24315U 96054A   09117.43787023 -.00000099  00000-0  10000-3 0  1198
2 24315   0.0081 199.7268 0003457 198.8058 231.6543  1.00271577 46268
ARABSAT-2B              
1 24652U 96063A   09117.77154822  .00000155  00000-0  10000-3 0  9790
2 24652   0.0693 243.2933 0003138 113.6121 167.2389  1.00272915 46109
MEASAT-2                
1 24653U 96063B   09117.42164475 -.00000215  00000-0  10000-3 0  9369
2 24653   1.4458  79.7945 0001202 317.1123 118.4304  1.00270793 45669
EUROBIRD 9              
1 24665U 96067A   09117.76116181  .00000152  00000-0  10000-3 0  8621
2 24665   0.1427  82.4435 0005566   1.8841  85.7543  1.00272052 45920
INMARSAT 3-F3           
1 24674U 96070A   09118.25656831  .00000040  00000-0  10000-3 0  7671
2 24674   0.1566  44.8192 0004374 356.2865  85.7213  1.00273892 45247
AMC-2 (GE-2)            
1 24713U 97002A   09117.52912295 -.00000112  00000-0  00000+0 0  9082
2 24713   0.0681  83.3255 0001783 292.3041 289.4868  1.00271042 44831
NAHUEL 1A               
1 24714U 97002B   09117.42684568 -.00000257  00000-0  10000-3 0  8759
2 24714   1.6354  79.5060 0004685 314.1740 263.7455  1.00270144 44839
JCSAT 4                 
1 24732U 97007A   09117.49313348 -.00000198  00000-0  10000-3 0  6309
2 24732   0.0024 245.4605 0001080 204.8643  92.8147  1.00270415 44568
INTELSAT 801 (IS-801)   
1 24742U 97009A   09112.09636718 -.00000216  00000-0  10000-3 0  6077
2 24742   0.5923  84.3434 0005517 308.6268 180.4954  1.00270498 44513
DIRECTV 6 (TEMPO 2)     
1 24748U 97011A   09117.14705219 -.00000221  00000-0  10000-3 0   429
2 24748   3.0709  76.1940 0027325 158.3977 201.6421  0.99035239 44433
BSAT-1A                 
1 24769U 97016B   09113.87951501 -.00000340  00000-0  10000-3 0  8879
2 24769   0.0286  63.9211 0001990  30.0527 184.3330  1.00273468 44050
GOES 10                 
1 24786U 97019A   09117.40079272 -.00000280  00000-0  10000-3 0  8851
2 24786   3.5053  75.2018 0003106 326.6029 258.0011  1.00280364 43992
DFH 3-2                 
1 24798U 97021A   09118.31227235 -.00000329  00000-0  10000-3 0  6898
2 24798   4.9497  71.5527 0010411 316.9541  42.8643  1.00355958 43839
THOR II                 
1 24808U 97025A   09113.59345487  .00000045  00000-0  10000-3 0  5904
2 24808   0.9607  81.7408 0002603 265.6713  83.0886  1.00273843 43700
GALAXY 25 (G-25)        
1 24812U 97026A   09115.64126281 -.00000154  00000-0  10000-3 0  9116
2 24812   0.0068 231.8977 0003021 161.3315 318.3008  1.00271143 43678
INMARSAT 3-F4           
1 24819U 97027A   09117.38506674 -.00000282  00000-0  10000-3 0  5472
2 24819   0.1583  57.8428 0005386 335.2519 267.0753  1.00272826 43653
FENGYUN 2A              
1 24834U 97029A   09117.10323536 -.00000137  00000-0  10000-3 0  3663
2 24834   8.2642  63.2075 0094644  70.1613 290.7552  0.96052161 43279
INTELSAT 802 (IS-802)   
1 24846U 97031A   09118.00803080  .00000156  00000-0  00000+0 0  8026
2 24846   0.0151 291.0021 0011096 134.0230 186.7861  1.00273166 43413
SUPERBIRD C             
1 24880U 97036A   09112.39528703 -.00000244  00000-0  10000-3 0  5819
2 24880   0.0113 181.3599 0001422 214.2874 101.1576  1.00269365 42922
AGILA 2                 
1 24901U 97042A   09117.63532384 -.00000233  00000-0  10000-3 0  8598
2 24901   0.0903  24.8544 0004980  15.0010 190.5923  1.00270211 42802
INTELSAT 5 (IS-5)       
1 24916U 97046A   09117.45811662 -.00000028  00000-0  10000-3 0  7611
2 24916   0.0477  79.9408 0002125 352.9211 116.6226  1.00272115 42865
EUROBIRD 4              
1 24931U 97049A   09116.80707593  .00000032  00000-0  00000+0 0  9347
2 24931   0.2343  84.5659 0006542 349.4493  75.4813  1.00273483 42735
METEOSAT-7              
1 24932U 97049B   09118.67381509  .00000063  00000-0  10000-3 0  5604
2 24932   5.0775  70.1953 0000837 342.7329 104.0016  1.00277329 42693
AMC-3 (GE-3)            
1 24936U 97050A   09117.35682466 -.00000193  00000-0  10000-3 0  7179
2 24936   0.0063 270.8383 0002560 104.7612 241.3386  1.00271485 42674
NSS-5                   
1 24957U 97053A   09118.40395459 -.00000221  00000-0  10000-3 0  7537
2 24957   0.0063 260.2671 0002990 229.7205  30.1862  0.99780508 42483
ECHOSTAR 3              
1 25004U 97059A   09117.34689671 -.00000279  00000-0  10000-3 0  6487
2 25004   0.0479  51.1513 0000915   2.6671 224.9808  1.00268675 42370
TELSTAR 10 (APSTAR 2R)  
1 25010U 97062A   09118.88522500 -.00000104  00000-0  10000-3 0  7506
2 25010   0.0095 225.5550 0003620 171.5846 214.9980  1.00269329 42248
ASTRA 5A (SIRIUS 2)     
1 25049U 97071A   09114.04115965 -.00000240  00000-0  10000-3 0  6998
2 25049   0.3627  85.9550 0003890 269.6429 205.2140  0.99408965 41942
INDOSTAR 1              
1 25050U 97071B   09117.64514286 -.00000338  00000-0  00000+0 0   298
2 25050   3.4366  74.7800 0004550 345.5308 135.0908  1.00263985 41997
ASTRA 1G                
1 25071U 97076A   09114.00000000  .00000146  00000-0  00000+0 0  8044
2 25071   0.0150  89.8340 0003325 303.9570 201.8380  1.00268925 41768
GALAXY 8                
1 25086U 97078A   09118.14962422 -.00000227  00000-0  10000-3 0  7726
2 25086   6.0958  69.0361 0008981 250.4071 109.3944  0.99707434 41605
HGS-1 (ASIASAT 3)       
1 25126U 97086A   09103.91257840 -.00000272  00000-0  10000-3 0  2398
2 25126   1.5988 126.4087 0049467 190.2762 170.7859  1.00231108 42249
BRASILSAT B3            
1 25152U 98006A   09117.11587374 -.00000244  00000-0  10000-3 0  9728
2 25152   0.0778 132.0467 0000997 186.5560 223.2579  1.00267767 41199
INMARSAT 3-F5           
1 25153U 98006B   09117.74130007  .00000141  00000-0  00000+0 0  5349
2 25153   0.4897   7.7585 0003707  30.4256 109.2862  1.00267839 41161
ATLANTIC BIRD 4         
1 25237U 98013A   09118.00591750  .00000041  00000-0  10000-3 0  9434
2 25237   0.0467  29.1230 0004001  58.4685 132.0999  1.00465054 41201
NSS-806                 
1 25239U 98014A   09107.07637725 -.00000264  00000-0  10000-3 0  4078
2 25239   0.0734  59.5022 0002476 318.9735 173.8594  1.00270381 40851
NILESAT 101             
1 25311U 98024A   09113.63419973 -.00000048  00000-0  10000-3 0  7132
2 25311   0.0815  91.4701 0005248 303.7533  37.9151  1.00273309 40525
COSMOS 2350             
1 25315U 98025A   09117.38326605 -.00000031  00000-0  10000-3 0  3400
2 25315   7.2548  62.8838 0006045 324.6673  35.1903  1.00267985 40288
ECHOSTAR 4              
1 25331U 98028A   09117.46567316 -.00000240  00000-0  10000-3 0  9785
2 25331   1.0065  45.3569 0004519 348.6997 272.0457  1.00271858 40301
CHINASTAR 1             
1 25354U 98033A   09118.59375025 -.00000210  00000-0  10000-3 0  4945
2 25354   0.0483 128.4086 0003192 251.4791 138.2102  1.00270089 44539
THOR III                
1 25358U 98035A   09113.65579603 -.00000000  00000-0  10000-3 0  4397
2 25358   0.0180 237.5028 0002271 155.1544  54.4080  1.00273347 39918
INTELSAT 805 (IS-805)   
1 25371U 98037A   09117.36815934 -.00000282  00000-0  10000-3 0  3511
2 25371   0.0729  79.4729 0002515 329.4770 243.5769  1.00270079 39791
SINOSAT 1 (XINNUO 1)    
1 25404U 98044A   09117.86901781 -.00000351  00000-0  10000-3 0   599
2 25404   0.0461 277.3780 0005982 124.9942 236.9263  1.00269675 39657
ST-1                    
1 25460U 98049A   09118.74859628 -.00000213  00000-0  10000-3 0  6296
2 25460   0.0080 256.1061 0003409 142.2177 176.0008  1.00269397 39122
ASTRA 2A                
1 25462U 98050A   09114.00000000  .00000159  00000-0  00000+0 0   621
2 25462   0.0560 137.2410 0002823 321.1130 141.9830  1.00270832 39063
INTELSAT 7 (IS-7)       
1 25473U 98052A   09118.81153363 -.00000029  00000-0  10000-3 0  7741
2 25473   0.0275 141.1400 0002813 247.9423 188.6350  1.00272677 38894
EUTELSAT W2             
1 25491U 98056A   09116.99475657  .00000109  00000-0  10000-3 0  6742
2 25491   0.0498  43.9051 0004420 349.8406 195.5113  1.00274455 38701
SIRIUS 3                
1 25492U 98056B   09118.16961058  .00000033  00000-0  10000-3 0  4822
2 25492   0.3529  84.8334 0001409 317.2608 240.1380  1.00271588 38779
EUROBIRD 2              
1 25495U 98057A   09116.95471950  .00000147  00000-0  10000-3 0  6556
2 25495   0.0772 326.9204 0004397  53.1435 204.2025  1.00270390 38674
AFRISTAR                
1 25515U 98063A   09118.80676279  .00000125  00000-0  10000-3 0  5019
2 25515   0.0628  44.4384 0003867 350.0946 133.8059  1.00273672 38473
AMC-5 (GE-5)            
1 25516U 98063B   09117.42608510 -.00000231  00000-0  10000-3 0  4557
2 25516   0.0069 166.1662 0002222 224.3621 259.4621  1.00271111 38499
INTELSAT 8 (IS-8)       
1 25522U 98065A   09117.43397594 -.00000054  00000-0  10000-3 0  6302
2 25522   0.0105 270.0441 0002712 113.4731 154.2595  1.00271837 38454
BONUM 1                 
1 25546U 98068A   09118.69403385  .00000076  00000-0  10000-3 0  2765
2 25546   0.0179 240.2630 0001935 125.0190 157.3214  1.00273728 38299
SAT MEX 5               
1 25558U 98070A   09118.30746461 -.00000014  00000-0  10000-3 0  4703
2 25558   0.0154 257.8850 0001849 144.1515 168.2535  1.00271474 38282
GALAXY 26 (G-26)        
1 25626U 99005A   09115.69447280  .00000119  00000-0  10000-3 0  4710
2 25626   0.0099 279.6814 0002686 137.1948  97.7180  1.00273381 37358
JCSAT 6                 
1 25630U 99006A   09114.61082837 -.00000347  00000-0  10000-3 0  5074
2 25630   0.0322 142.8898 0000897 247.6031 166.1516  1.00268247 37200
BADR-3 (ARABSAT-3A)     
1 25638U 99009A   09117.96113480  .00000154  00000-0  00000+0 0  6177
2 25638   0.5664  84.0722 0003657 346.3880 161.9065  1.00273253 37307
SKYNET 4E               
1 25639U 99009B   09118.74221677  .00000148  00000-0  10000-3 0  5710
2 25639   5.3073  52.3076 0003030 337.1281 129.9592  1.00276883 37281
ASIASAT 3S              
1 25657U 99013A   09118.60156338 -.00000336  00000-0  10000-3 0  3023
2 25657   0.0411 133.4819 0001996 261.3076 143.9692  1.00269426 37062
INSAT-2E (APR-1)        
1 25666U 99016A   09116.76943156 -.00000160  00000-0  10000-3 0  3657
2 25666   0.0125 281.6666 0003588 129.1087 164.1222  1.00271169 36983
EUTELSAT W6             
1 25673U 99018A   09117.72783197  .00000132  00000-0  10000-3 0  7765
2 25673   0.0738   2.4148 0003497  17.1592 119.8716  1.00273144 36824
NIMIQ 1                 
1 25740U 99027A   09114.34007140 -.00000164  00000-0  10000-3 0  6509
2 25740   0.0466  93.5452 0002695 332.0942 178.1724  1.00271681 36408
ASTRA 1H                
1 25785U 99033A   09114.00000000  .00000130  00000-0  00000+0 0  7728
2 25785   0.0670 172.0910 0004178 282.0470 137.2470  1.00272720 36122
TELKOM 1                
1 25880U 99042A   09118.82126846 -.00000347  00000-0  10000-3 0  7091
2 25880   0.0116  40.4166 0001927  11.0020 209.1435  1.00273110 35633
KOREASAT 3              
1 25894U 99046A   09117.78583057 -.00000361  00000-0  10000-3 0  3097
2 25894   0.0163 305.1196 0000984 189.2576 120.5762  1.00270880 34392
YAMAL 102               
1 25897U 99047B   09118.77356604 -.00000229  00000-0  10000-3 0  1616
2 25897   5.3009  70.7961 0003784 319.0054 195.3183  1.00269430 35401
ECHOSTAR 5              
1 25913U 99050A   09113.34742355  .00000067  00000-0  10000-3 0  7164
2 25913   0.0588  67.2972 0002576 316.5953 183.8018  1.00273476 35094
GALAXY 27 (G-27)        
1 25922U 99052A   09113.34364509  .00000067  00000-0  10000-3 0  4850
2 25922   0.0046 170.8337 0002076 219.0219 176.4008  1.00274022 35079
ABS 1 (LMI 1)           
1 25924U 99053A   09118.88710049 -.00000090  00000-0  10000-3 0  2182
2 25924   0.0557  57.9236 0001683   1.1084 192.3083  1.00272272 35158
DIRECTV 1R              
1 25937U 99056A   09118.30013524 -.00000258  00000-0  10000-3 0  6562
2 25937   0.0558  78.2943 0001879 307.7880 225.8750  1.00270937 35003
TELSTAR 12 (ORION 2)    
1 25949U 99059A   09115.82080506 -.00000111  00000-0  10000-3 0  6643
2 25949   0.0100 359.4484 0002931  17.5062 117.4995  1.00271366 34857
AMC-4 (GE-4)            
1 25954U 99060A   09117.52912235 -.00000112  00000-0  00000+0 0  6975
2 25954   0.0362 122.8751 0002960 292.9281 249.3273  1.00271405 34719
GALAXY 11 (G-11)        
1 26038U 99071A   09118.00803086  .00000156  00000-0  00000+0 0  6997
2 26038   0.0472  52.2872 0008360 194.8581   4.7682  1.00273930 34349
ZHONGXING-22            
1 26058U 00003A   09118.59628130 -.00000291  00000-0  10000-3 0  1075
2 26058   0.9722  78.9516 0002677 314.9813 135.2641  1.00268254 33961
HISPASAT 1C             
1 26071U 00007A   09113.70000000 -.00000207  00000-0  00000+0 0  2659
2 26071   0.0660  55.8450 0006320 335.0460  42.9560  1.00269314 33849
GARUDA 1                
1 26089U 00011A   09118.86429990 -.00000361  00000-0  10000-3 0  3868
2 26089   1.5220 256.6408 0003498 182.0584 212.4484  1.00269324 33772
SUPERBIRD 4             
1 26095U 00012A   09117.55561211 -.00000090  00000-0  10000-3 0  6990
2 26095   0.0525  86.3602 0002020 297.8337 193.5012  1.00271564 33715
EXPRESS 2A              
1 26098U 00013A   09117.70905637 -.00000318  00000-0  10000-3 0  8248
2 26098   3.1126  75.9283 0002487   4.1639 133.7195  1.00269786 33428
ASIASTAR                
1 26107U 00016A   09116.22087690 -.00000325  00000-0  10000-3 0  6042
2 26107   0.0144 294.1754 0003849  80.3027  24.3991  1.00270227 33378
INSAT-3B                
1 26108U 00016B   09117.83441925 -.00000164  00000-0  10000-3 0  2010
2 26108   0.1211  82.4755 0004097 223.1544 293.7186  1.00271842 33339
SESAT 1                 
1 26243U 00019A   09117.68895859  .00000157  00000-0  10000-3 0  5345
2 26243   0.0680 302.2672 0002978 347.2930 210.1996  1.00274452 33064
GALAXY 4R (G-4R)        
1 26298U 00020A   09117.61783705  .00000004  00000-0  10000-3 0  6719
2 26298   2.5609  77.2037 0001041 354.4229 257.0512  0.99827897 33166
GOES 11                 
1 26352U 00022A   09118.40993384  .00000085  00000-0  10000-3 0  2913
2 26352   0.3166  85.3069 0001970 281.1916 222.6832  1.00283774 32903
EUTELSAT W4             
1 26369U 00028A   09117.75540006  .00000157  00000-0  10000-3 0  4375
2 26369   0.0698 351.1607 0003101  34.7405 138.0151  1.00274380 32719
EXPRESS A3              
1 26378U 00031A   09116.67023228 -.00000083  00000-0  10000-3 0    62
2 26378   0.8663  80.0426 0003272 304.4490  60.5909  1.00272200 32377
TDRS 8                  
1 26388U 00034A   09116.97125318 -.00000215  00000-0  10000-3 0  9406
2 26388   1.2838 112.1933 0004384 291.0396 250.5524  1.00277585 32418
COSMOS 2371             
1 26394U 00036A   09117.70421670 -.00000118  00000-0  10000-3 0  5607
2 26394   6.5181  67.1031 0002799 285.6741 194.9840  1.00264054 32276
ECHOSTAR 6              
1 26402U 00038A   09117.38227301 -.00000254  00000-0  10000-3 0  6622
2 26402   0.0695  75.3598 0003145 316.1792 248.8647  1.00270151 32185
INTELSAT 9 (IS-9)       
1 26451U 00043A   09117.43478723 -.00000282  00000-0  10000-3 0  2238
2 26451   0.0112 269.0030 0001538 177.0075 228.0675  1.00270057 32072
BRASILSAT B4            
1 26469U 00046A   09116.17189044 -.00000204  00000-0  10000-3 0  5007
2 26469   0.0436 211.2976 0002074 177.4709 163.4337  1.00272090 31853
NILESAT 102             
1 26470U 00046B   09113.63731641 -.00000049  00000-0  10000-3 0  2456
2 26470   0.0075 244.6180 0003226 160.7314  28.8695  1.00272799 31833
RADUGA-1 5              
1 26477U 00049A   09117.93194953  .00000130  00000-0  10000-3 0  5433
2 26477   6.3821  67.7470 0002096 291.2608 238.3321  1.00296382 31720
EUTELSAT W1             
1 26487U 00052A   09118.87151288  .00000065  00000-0  10000-3 0  2890
2 26487   0.0874 357.6671 0006167 345.7665 197.3372  1.00272769 31694
ASTRA 2B                
1 26494U 00054A   09114.00000000  .00000159  00000-0  00000+0 0  7306
2 26494   0.0560 268.8620 0003057  96.9780 234.5330  1.00276238 31535
AMC-7 (GE-7)            
1 26495U 00054B   09116.50022825  .00000103  00000-0  10000-3 0  4102
2 26495   0.0459 111.1446 0002967 282.9124 223.6629  1.00273537 31570
NSS-11 (AAP-1)          
1 26554U 00059A   09118.82126744 -.00000348  00000-0  10000-3 0  5467
2 26554   0.0080 245.1964 0002306 149.4184 226.1507  1.00270695 31440
NSAT 110                
1 26559U 00060A   09113.93445741 -.00000341  00000-0  10000-3 0  5139
2 26559   0.0083 202.0558 0000777 171.7224 284.7980  1.00270192 31326
AMC-6 (GE-6)            
1 26580U 00067A   09118.47806250 -.00000261  00000-0  10000-3 0  4095
2 26580   0.0720  73.8801 0002366 307.9514 294.8457  1.00269933 31225
INTELSAT 12 (IS-12)     
1 26590U 00068A   09115.72897961  .00000145  00000-0  10000-3 0  2673
2 26590   0.0109  56.1144 0002475 339.3568 125.8243  1.00270861 31127
BEIDOU 1A               
1 26599U 00069A   09118.62463641 -.00000284  00000-0  10000-3 0  2898
2 26599   0.4234  81.8808 0005869 327.0472 172.5352  1.00267887 31190
INTELSAT 1R (IS-1R)     
1 26608U 00072A   09110.02062647 -.00000271  00000-0  10000-3 0   412
2 26608   0.0556  54.7967 0000459 252.8425 223.0384  1.00273408 30914
ANIK F1                 
1 26624U 00076A   09117.51211946 -.00000072  00000-0  10000-3 0  4821
2 26624   0.0160 172.5207 0002387 209.2099 270.9683  1.00272588 30960
ASTRA 2D                
1 26638U 00081A   09114.00000000  .00000159  00000-0  00000+0 0  7238
2 26638   0.0820 221.7730 0002532 332.0100  46.5600  1.00272584 30643
AMC-8 (GE-8)            
1 26639U 00081B   09117.37596964  .00000107  00000-0  10000-3 0  3998
2 26639   0.0688  74.5606 0002372 316.2684 181.0162  1.00273152 30645
BEIDOU 1B               
1 26643U 00082A   09118.65609720 -.00000142  00000-0  10000-3 0  3474
2 26643   1.8919  78.0834 0002927 311.1146 144.1533  1.00271251 30641
TURKSAT 2A              
1 26666U 01002A   09115.73821742  .00000154  00000-0  10000-3 0  4415
2 26666   0.0137 252.8422 0005120 174.4680  94.3247  1.00273789 30371
SICRAL 1                
1 26694U 01005A   09117.97882438  .00000106  00000-0  10000-3 0  4390
2 26694   1.2326  79.2161 0004906  19.6743 125.7623  1.00275943 30154
SKYNET 4F               
1 26695U 01005B   09107.73990978 -.00000237  00000-0  10000-3 0  1880
2 26695   3.5662  58.2976 0002815 326.0767  54.0166  1.00273628 30022
EUROBIRD 1              
1 26719U 01011A   09117.80681023  .00000152  00000-0  10000-3 0  5037
2 26719   0.0800   2.5269 0003288  29.7637 142.5880  1.00274569 29827
BSAT-2A                 
1 26720U 01011B   09113.96885300 -.00000341  00000-0  10000-3 0  3215
2 26720   0.0804  52.6529 0004295 341.7402 276.4452  1.00272906 29762
XM-2 (ROCK)             
1 26724U 01012A   09118.46154977 -.00000206  00000-0  10000-3 0  5839
2 26724   0.0183 274.5516 0000277   8.0635  14.8684  1.00270395 29798
EKRAN 21                
1 26736U 01014A   09117.74783413  .00000126  00000-0  10000-3 0  5859
2 26736   5.8052  77.6789 0031555 251.5664 199.5527  0.99585529 29582
XM-1 (ROLL)             
1 26761U 01018A   09116.22553170 -.00000198  00000-0  10000-3 0  3609
2 26761   0.0728 271.8874 0000492 184.0704 114.4115  1.00269759 29240
INTELSAT 10 (IS-10)     
1 26766U 01019A   09117.72539297 -.00000023  00000-0  10000-3 0  3589
2 26766   0.0295 287.6202 0001985 153.0818 104.7640  1.00271086 29166
INTELSAT 901 (IS-901)   
1 26824U 01024A   09114.19358005 -.00000131  00000-0  00000+0 0  4030
2 26824   0.0091 233.1490 0002971 165.1333 225.7642  1.00271559 28870
ASTRA 2C                
1 26853U 01025A   09114.00000000  .00000159  00000-0  00000+0 0  6561
2 26853   0.0290  81.5840 0003467 328.8970 189.8350  1.00269901 28811
ARTEMIS                 
1 26863U 01029A   09118.78986755  .00000125  00000-0  10000-3 0  6776
2 26863   7.3302  69.8033 0003408 339.4083 113.4642  1.00275883 29653
GOES 12                 
1 26871U 01031A   09118.41676571 -.00000250  00000-0  10000-3 0   336
2 26871   0.1067 257.2178 0004138 165.6849 228.7530  1.00265319 28506
COSMOS 2379             
1 26892U 01037A   09117.99581497  .00000083  00000-0  10000-3 0  2817
2 26892   4.7247  69.8407 0001724 243.1629 273.8313  1.00281475 28104
INTELSAT 902 (IS-902)   
1 26900U 01039A   09117.59822676  .00000035  00000-0  10000-3 0  3876
2 26900   0.0083 192.1808 0002968 205.8010  95.0900  1.00272639 28081
ATLANTIC BIRD 2         
1 26927U 01042A   09117.84743727 -.00000065  00000-0  10000-3 0  2048
2 26927   0.0615 356.9898 0005131  29.1042 126.8559  1.00272689 27826
DIRECTV 4S              
1 26985U 01052A   09116.20897866 -.00000107  00000-0  00000+0 0  3049
2 26985   0.0564 105.2145 0002390 339.4260 103.7849  1.00271618 27216
INSAT-3C                
1 27298U 02002A   09117.70415541 -.00000076  00000-0  10000-3 0   288
2 27298   0.1159  82.9184 0002932 250.4130 210.0074  1.00271541 26608
ECHOSTAR 7              
1 27378U 02006A   09117.46587477  .00000003  00000-0  10000-3 0  3385
2 27378   0.0756  52.9726 0001166  17.8932 193.5136  1.00272294 26296
INTELSAT 904 (IS-904)   
1 27380U 02007A   09117.75057623  .00000050  00000-0  10000-3 0  3940
2 27380   0.0079 287.1808 0002815 111.3714 147.5218  1.00272789 26334
TDRS 9                  
1 27389U 02011A   09116.29173947 -.00000271  00000-0  10000-3 0  3788
2 27389   2.4604 235.2202 0008403 152.1160 229.9318  1.00276492 27660
JCSAT 8                 
1 27399U 02015A   09118.40655388 -.00000167  00000-0  10000-3 0  2134
2 27399   0.0083 181.2849 0001852 207.6594 127.9179  1.00270562 26002
ASTRA 3A                
1 27400U 02015B   09114.00000000  .00000146  00000-0  00000+0 0  2203
2 27400   0.0680 242.5080 0002926  37.0490 316.0870  1.00268416 25967
INTELSAT 903 (IS-903)   
1 27403U 02016A   09112.12043998 -.00000231  00000-0  10000-3 0  2033
2 27403   0.0521  61.5969 0002945 342.6050 174.9670  1.00270884 25935
NSS-7                   
1 27414U 02019A   09114.16165569 -.00000159  00000-0  10000-3 0  3370
2 27414   0.0758  84.0610 0002916 307.4422 217.0298  1.00271413 25789
DIRECTV 5 (TEMPO 1)     
1 27426U 02023A   09116.54004523 -.00000050  00000-0  10000-3 0  3138
2 27426   0.0465  94.1856 0003222 311.6723 253.1151  1.00272271 25550
INTELSAT 905 (IS-905)   
1 27438U 02027A   09107.19488839 -.00000187  00000-0  00000+0 0   641
2 27438   0.0126 260.1441 0005646  78.2919 272.7086  1.00271008 25200
EXPRESS 4A              
1 27441U 02029A   09118.01829076 -.00000111  00000-0  10000-3 0  2129
2 27441   0.0095 246.8817 0002836 272.1230  49.6920  1.00273445 25212
GALAXY 3C (G-3C)        
1 27445U 02030A   09117.46181418 -.00000148  00000-0  00000+0 0   161
2 27445   0.0405  51.0269 0000716 237.5197 358.2546  1.00271752 25188
ATLANTIC BIRD 3         
1 27460U 02035A   09116.67898332 -.00000037  00000-0  10000-3 0  1179
2 27460   0.0600  34.2363 0005145   5.2303  54.7601  1.00271559 24971
N-STAR C                
1 27461U 02035B   09115.76736227 -.00000298  00000-0  10000-3 0  9451
2 27461   0.0382 142.9998 0002598 259.6278 223.5380  1.00269977 24965
HOT BIRD 6              
1 27499U 02038A   09116.82004753  .00000092  00000-0  10000-3 0  5531
2 27499   0.0389 281.7508 0003094  73.0057 168.3953  1.00272170 24485
ECHOSTAR 8              
1 27501U 02039A   09117.46595987 -.00000239  00000-0  10000-3 0  3791
2 27501   0.0591  78.0623 0002944 313.1121 275.1462  1.00270592 24503
ATLANTIC BIRD 1         
1 27508U 02040A   09116.73686295 -.00000095  00000-0  10000-3 0  2184
2 27508   0.0957  82.8862 0004359 335.5679  49.1613  1.00271617 24485
METEOSAT-8 (MSG-1)      
1 27509U 02040B   09116.99206161  .00000068  00000-0  10000-3 0  2407
2 27509   0.5207  24.0807 0011890  88.2433 109.2947  1.00278131 24480
INTELSAT 906 (IS-906)   
1 27513U 02041A   09117.76799234  .00000016  00000-0  10000-3 0  1713
2 27513   0.0159 347.5632 0002666  58.7785 150.1701  1.00271933 24361
KODAMA (DRTS)           
1 27516U 02042B   09115.93405756 -.00000228  00000-0  10000-3 0  1566
2 27516   0.0693  64.7489 0002871 328.7388 247.5843  1.00270948 24310
KALPANA-1 (METSAT 1)    
1 27525U 02043A   09117.70415595 -.00000075  00000-0  10000-3 0  9069
2 27525   0.0846  79.1687 0007434 345.2040 118.9294  1.00271743 24291
HISPASAT 1D             
1 27528U 02044A   09113.70000000 -.00000207  00000-0  00000+0 0   300
2 27528   0.0460 282.5750 0004636  96.1700  55.1250  1.00270973 24189
EUTELSAT W5             
1 27554U 02051A   09115.69192747 -.00000036  00000-0  10000-3 0   830
2 27554   0.0549  48.6441 0000267  73.1551  51.6259  1.00272309 23598
TDRS 10                 
1 27566U 02055A   09113.86925610 -.00000256  00000-0  00000+0 0   847
2 27566   1.2284 280.5268 0003026 118.5577  84.9196  1.00266062 23466
NSS-6                   
1 27603U 02057A   09117.94749110 -.00000268  00000-0  10000-3 0  9457
2 27603   0.0367 137.8972 0002656 257.0037 257.2466  1.00270314 23359
NIMIQ 2                 
1 27632U 02062A   09114.33583163 -.00000165  00000-0  10000-3 0   120
2 27632   0.0505  52.7340 0004741   8.3096 181.2687  1.00271343 23172
INTELSAT 907 (IS-907)   
1 27683U 03007A   09110.06471757 -.00000200  00000-0  10000-3 0  7708
2 27683   0.0014 297.8688 0003059  84.9591 181.2577  1.00271061 22647
INSAT-3A                
1 27714U 03013A   09117.94550785 -.00000257  00000-0  10000-3 0  5893
2 27714   0.1090  77.5375 0005190 343.1870 229.2139  1.00270501 22196
GALAXY 12 (G-12)        
1 27715U 03013B   09116.59902521  .00000030  00000-0  10000-3 0   920
2 27715   0.0534  59.2506 0001780  22.4591 225.7595  1.00272100 22228
ASIASAT 4               
1 27718U 03014A   09118.57540148 -.00000361  00000-0  10000-3 0   644
2 27718   0.0146  73.4189 0000380 231.8214 240.8188  1.00273894 22180
COSMOS 2397             
1 27775U 03015A   09109.24990677 -.00000281  00000-0  10000-3 0   773
2 27775   3.2513  72.5364 0045742 201.2734 158.6578  1.00460474 21966
GSAT-2                  
1 27807U 03018A   09117.59919509  .00000126  00000-0  10000-3 0  9826
2 27807   0.0826  84.8959 0004043 299.7393  94.7858  1.00273628 21911
HELLAS-SAT 2            
1 27811U 03020A   09115.91918058  .00000160  00000-0  10000-3 0  9206
2 27811   0.0233 240.1386 0002529 151.7121 192.0882  1.00272186 21706
BEIDOU 1C               
1 27813U 03021A   09117.86901755 -.00000351  00000-0  10000-3 0  7640
2 27813   0.1650 210.3688 0002474 306.8409 122.2014  1.00277045 21742
AMC-9 (GE-12)           
1 27820U 03024A   09118.46127336 -.00000217  00000-0  10000-3 0  9275
2 27820   0.0471 106.3947 0002296 285.8742 267.3498  1.00270718 21602
THURAYA-2               
1 27825U 03026A   09118.60943556  .00000129  00000-0  10000-3 0  4982
2 27825   2.8951 340.9286 0004517  43.3810  95.8398  1.00274210 21607
BSAT-2C                 
1 27830U 03028A   09113.96885208 -.00000341  00000-0  10000-3 0  9974
2 27830   0.0203 215.4461 0000572 339.7612 115.6411  1.00271948 21526
OPTUS C1                
1 27831U 03028B   09117.53564484 -.00000145  00000-0  00000+0 0   891
2 27831   0.0226 261.3737 0003172 125.6746 177.4416  1.00271358 21556
RAINBOW 1               
1 27852U 03033A   09116.30849330 -.00000275  00000-0  00000+0 0  9488
2 27852   0.0629  57.3198 0001624  10.8437 195.7008  1.00271140 21203
GALAXY 23 (G-23)        
1 27854U 03034A   09118.43279370  .00000011  00000-0  10000-3 0  9682
2 27854   0.0062 353.3149 0002710  35.6102 222.4348  1.00273521 21000
EUROBIRD 3              
1 27948U 03043A   09117.98383502  .00000156  00000-0  00000+0 0   145
2 27948   0.0679  32.9692 0000286  66.0010 144.4222  1.00273467 20566
INSAT-3E                
1 27951U 03043E   09113.84097721  .00000094  00000-0  10000-3 0  6169
2 27951   0.0592  65.7761 0002997 325.8915 178.1394  1.00273770 20422
GALAXY 13 (HORIZONS-1)  
1 27954U 03044A   09117.63149097  .00000050  00000-0  10000-3 0  8847
2 27954   0.0017  23.3559 0001384  69.5326 223.1769  1.00271544 20478
ZHONGXING-20            
1 28082U 03052A   09118.56643113 -.00000293  00000-0  10000-3 0  7210
2 28082   0.0619  39.1003 0004904 314.3901 165.1649  1.00268369 20023
YAMAL 202               
1 28089U 03053A   09118.59754110  .00000118  00000-0  10000-3 0  6192
2 28089   0.0454 264.7247 0002943 125.0677  91.0247  1.00269937 19943
YAMAL 201               
1 28094U 03053B   09118.57608889 -.00000231  00000-0  10000-3 0  9928
2 28094   0.0361 267.6483 0003531 130.1237 116.3183  1.00271740 22111
AMOS 2                  
1 28132U 03059A   09113.41891561 -.00000025  00000-0  10000-3 0  7992
2 28132   0.0598 122.8688 0002950 229.5980   5.9163  1.00273006 19571
EXPRESS-AM 22           
1 28134U 03060A   09118.93931800  .00000094  00000-0  10000-3 0  7141
2 28134   0.0466  54.6713 0000450 340.5633 212.9601  1.00272488 19558
ESTRELA DO SUL          
1 28137U 04001A   09117.36301642 -.00000277  00000-0  10000-3 0  7213
2 28137   0.0406  80.3339 0002099 343.2659 219.5291  1.00271045 19617
AMC-10 (GE-10)          
1 28154U 04003A   09118.40993256  .00000086  00000-0  10000-3 0   634
2 28154   0.0144 167.1872 0002494 224.4363 197.4738  1.00274258 19172
MBSAT                   
1 28184U 04007A   09112.39528750 -.00000243  00000-0  10000-3 0  8034
2 28184   0.0069 219.4420 0001663 182.8289  94.6675  1.00270558 18808
EUTELSAT W3A            
1 28187U 04008A   09117.96735826  .00000048  00000-0  10000-3 0  7929
2 28187   0.0708 359.1949 0003632  36.9511 175.1668  1.00272050 18811
RADUGA-1 7              
1 28194U 04010A   09117.74757565 -.00000185  00000-0  10000-3 0  1916
2 28194   3.6992  86.0213 0001183 326.7201 157.6842  1.00273754 18639
DIRECTV 7S              
1 28238U 04016A   09117.46587596  .00000004  00000-0  10000-3 0  9013
2 28238   0.0166 145.2924 0002410 248.2232 230.7192  1.00271408 18315
AMC-11 (GE-11)          
1 28252U 04017A   09117.63669422  .00000071  00000-0  10000-3 0  7469
2 28252   0.0201  74.6830 0002365 311.3968 287.8611  1.00270907 18108
INTELSAT 10-02          
1 28358U 04022A   09111.93181419 -.00000003  00000-0  10000-3 0  6931
2 28358   0.0062 177.1871 0000740 168.2635 199.1852  1.00274277 17801
APSTAR 5 (TELSTAR 18)   
1 28364U 04024A   09118.68973753 -.00000297  00000-0  10000-3 0  4437
2 28364   0.0066 154.5426 0002017 238.3172 210.2062  1.00268684 17859
ANIK F2                 
1 28378U 04027A   09112.36810247 -.00000042  00000-0  10000-3 0  7635
2 28378   0.0468  52.1768 0003045 333.4310 206.3614  1.00272308 17537
AMAZONAS                
1 28393U 04031A   09118.28797183 -.00000283  00000-0  10000-3 0  5957
2 28393   0.0341  35.9118 0002420 351.0900 232.0389  1.00273208 17365
EDUSAT                  
1 28417U 04036A   09118.58690120 -.00000079  00000-0  10000-3 0  9592
2 28417   0.1388  84.5364 0005703 208.0690 209.3376  1.00271802 16923
AMC-15                  
1 28446U 04041A   09118.39632734 -.00000090  00000-0  10000-3 0  8228
2 28446   0.0200 164.5624 0002302 208.9054 240.6770  1.00272418 16649
FENGYUN 2C              
1 28451U 04042A   09118.39360978 -.00000327  00000-0  00000+0 0  4902
2 28451   1.2729  77.6631 0001911 336.2968  48.3265  1.00261856 16556
EXPRESS-AM 1            
1 28463U 04043A   09116.99590356  .00000155  00000-0  10000-3 0  4683
2 28463   0.0426  20.9296 0001025  91.3851 141.3375  1.00272325 16441
AMC-16                  
1 28472U 04048A   09117.16556363 -.00000202  00000-0  10000-3 0  8596
2 28472   0.0596  57.6419 0001978 339.8395 152.4168  1.00270633 16042
NSS-10 (AMC-12)         
1 28526U 05003A   09116.69468900 -.00000245  00000-0  10000-3 0  4700
2 28526   0.0120 351.4968 0003245  37.0853  38.9206  1.00270019 15547
XTAR-EUR                
1 28542U 05005A   09114.80820784  .00000161  00000-0  10000-3 0  5182
2 28542   0.0631  75.8518 0002001 286.0711 171.0064  1.00272943 15389
HIMAWARI 6 (MTSAT-1R)   
1 28622U 05006A   09116.31322071 -.00000273  00000-0  10000-3 0  1097
2 28622   0.0813  52.0744 0001965 194.2749 220.9448  1.00271002 15236
XM-3 (RHYTHM)           
1 28626U 05008A   09117.39947896 -.00000203  00000-0  10000-3 0  5828
2 28626   0.0073 279.8283 0000153  52.0713 302.3261  1.00270498 15297
INMARSAT 4-F1           
1 28628U 05009A   09118.38158565 -.00000262  00000-0  00000+0 0  8922
2 28628   2.2044 323.4021 0002698  75.5345  98.4218  1.00270685 14926
EXPRESS-AM 2            
1 28629U 05010A   09118.61872302 -.00000138  00000-0  10000-3 0   922
2 28629   0.0777  75.9162 0002055   1.9786  81.5721  1.00271536 14951
APSTAR 6                
1 28638U 05012A   09118.84971894 -.00000321  00000-0  10000-3 0  3607
2 28638   0.0044 329.2071 0001694  77.5363 250.1211  1.00272076 39663
SPACEWAY 1              
1 28644U 05015A   09118.44942920 -.00000104  00000-0  10000-3 0  6928
2 28644   0.0225 118.4218 0000206  12.6461 144.3821  1.00271544 14752
DIRECTV 8               
1 28659U 05019A   09117.30223656 -.00000112  00000-0  00000+0 0  7295
2 28659   0.0252 142.2983 0002607 256.8287 184.2285  1.00271337 14417
GALAXY 28 (G-28)        
1 28702U 05022A   09117.31407899 -.00000182  00000-0  10000-3 0  6406
2 28702   0.0097 276.2082 0002219 123.8176 199.4669  1.00271423 14128
EXPRESS-AM 3            
1 28707U 05023A   09118.62241237 -.00000282  00000-0  10000-3 0  9975
2 28707   0.0511 181.4702 0002327 212.9262 186.4807  1.00269860 14106
THAICOM 4               
1 28786U 05028A   09118.93083586 -.00000366  00000-0  10000-3 0  5487
2 28786   0.0050 265.4915 0001950 120.4871 285.6544  1.00269833 13648
GALAXY 14 (G-14)        
1 28790U 05030A   09118.31721149  .00000036  00000-0  10000-3 0  7082
2 28790   0.0609  62.0490 0002443 326.2568 177.3018  1.00272437 13556
ANIK F1R                
1 28868U 05036A   09112.42340606 -.00000067  00000-0  10000-3 0  6674
2 28868   0.0102 325.8255 0001535  94.3864 195.5313  1.00272905 13338
GALAXY 15 (G-15)        
1 28884U 05041A   09116.58187287  .00000085  00000-0  10000-3 0  6155
2 28884   0.0682  67.9883 0002218 327.2321 255.9549  1.00272701 12969
SYRACUSE 3A             
1 28885U 05041B   09118.04868354  .00000129  00000-0  10000-3 0  5800
2 28885   0.0163 173.6961 0002493 222.2078 244.7761  1.00273604 13072
INMARSAT 4-F2           
1 28899U 05044A   09115.70208238  .00000144  00000-0  10000-3 0  7312
2 28899   2.2233 313.2349 0002590  80.9670  97.5067  1.00274953 12739
TELKOM 2                
1 28902U 05046A   09118.82737095 -.00000366  00000-0  10000-3 0  6184
2 28902   0.0263 151.9602 0000830 235.0320 245.8034  1.00272049 12659
SPACEWAY 2              
1 28903U 05046B   09117.50816760 -.00000124  00000-0  10000-3 0  6032
2 28903   0.0549  51.8413 0000212 241.9474   5.6611  1.00271536 12726
INSAT-4A                
1 28911U 05049A   09117.83441924 -.00000164  00000-0  10000-3 0  6502
2 28911   0.0892  78.4602 0006671 344.5582 176.3162  1.00271251 12323
METEOSAT-9 (MSG-2)      
1 28912U 05049B   09109.91088065  .00000001  00000-0  10000-3 0  4974
2 28912   0.4637 122.9236 0001777 215.1050 197.9670  1.00278284 12267
AMC-23                  
1 28924U 05052A   09117.30198334 -.00000002  00000-0  10000-3 0  6068
2 28924   0.0104 169.8595 0003069 222.4006 103.8871  1.00273052 12213
ECHOSTAR 10             
1 28935U 06003A   09117.54208744 -.00000053  00000-0  10000-3 0  6505
2 28935   0.0664  53.6859 0001519  16.9676 229.9578  1.00272267 11744
MTSAT-2                 
1 28937U 06004A   09116.48385403 -.00000238  00000-0  10000-3 0  5625
2 28937   0.0212 264.8712 0003051 117.6775 151.2002  1.00267202 11710
SPAINSAT                
1 28945U 06007A   09113.60000000 -.00000207  00000-0  00000+0 0  3455
2 28945   0.0150 123.0040 0001939 239.4710  35.2830  1.00270431 11454
EUROBIRD 9A             
1 28946U 06007B   09114.86848321  .00000072  00000-0  10000-3 0  3321
2 28946   0.0480 135.8301 0002494 283.3770 115.5001  1.00274500 11513
JCSAT 9                 
1 29045U 06010A   09116.83972380 -.00000323  00000-0  10000-3 0  4532
2 29045   0.0021 241.3844 0002789 191.7628 216.1674  1.00271123 11175
ASTRA 1KR               
1 29055U 06012A   09114.00000000  .00000129  00000-0  00000+0 0  2944
2 29055   0.1000 223.3200 0001000  79.8380 288.1800  1.00269096 11060
KAZSAT 1                
1 29230U 06022A   09117.73620723 -.00000320  00000-0  10000-3 0  5697
2 29230   0.0155 165.0952 0001255 229.4628 189.3251  1.00269938 10494
GALAXY 16 (G-16)        
1 29236U 06023A   09116.41078522 -.00000120  00000-0  10000-3 0  5083
2 29236   0.0527 100.3153 0002668 299.6293 223.4682  1.00271073 10484
GOES 13                 
1 29155U 06018A   09117.53879771 -.00000085  00000-0  00000+0 0  6150
2 29155   0.2720 251.4848 0001231 343.9870  69.0589  1.00268015 10740
SATMEX 6                
1 29162U 06020A   09118.26408339 -.00000038  00000-0  10000-3 0  4128
2 29162   0.0042 189.4098 0002071 172.1127 196.9100  1.00271689 10717
THAICOM 5               
1 29163U 06020B   09118.88149624 -.00000125  00000-0  10000-3 0  5966
2 29163   0.0383 268.3243 0004850 137.6631 206.8416  1.00272238 10787
HOT BIRD 8              
1 29270U 06032A   09116.82004721  .00000092  00000-0  10000-3 0  3205
2 29270   0.0833   9.9183 0004412   5.0230 148.2145  1.00270997 10097
JCSAT 10                
1 29272U 06033A   09118.73212563 -.00000349  00000-0  10000-3 0  4796
2 29272   1.5234  79.6162 0003878 313.9435 214.3217  1.00268779 10005
SYRACUSE 3B             
1 29273U 06033B   09116.68305516 -.00000038  00000-0  10000-3 0  3569
2 29273   0.0336 133.0193 0003876 263.8243  58.6648  1.00272681  9978
KOREASAT 5 (MUGUNGWHA 5)
1 29349U 06034A   09116.83296469 -.00000353  00000-0  10000-3 0  4737
2 29349   0.0540  76.8514 0002513  15.7548 175.2528  1.00270318  9865
ZHONGXING-22A           
1 29398U 06038A   09117.56936315 -.00000321  00000-0  10000-3 0  8006
2 29398   0.0629  50.6762 0003860 322.6841 150.5572  1.00274412  9677
DIRECTV 9S              
1 29494U 06043A   09114.60000000 -.00000105  00000-0  00000+0 0  4645
2 29494   0.0130  28.7040 0002788   7.5570 291.4030  1.00272415  9307
OPTUS D1                
1 29495U 06043B   09116.58698083 -.00000105  00000-0  10000-3 0  3632
2 29495   0.0074 164.9604 0003193 231.7202 189.3421  1.00271572  9366
XM-4 (BLUES)            
1 29520U 06049A   09118.40533311 -.00000026  00000-0  10000-3 0  3601
2 29520   0.0115  36.0839 0000281 211.9446 359.3891  1.00272001  9240
BADR-4 (ARABSAT-4B)     
1 29526U 06051A   09116.95471932  .00000149  00000-0  10000-3 0  4435
2 29526   0.0631  32.9906 0005247 350.7192 201.0695  1.00269811  9112
FENGYUN 2D              
1 29640U 06053A   09117.96486902 -.00000198  00000-0  10000-3 0  6324
2 29640   0.4110 246.8666 0000340 118.2277 284.7996  1.00275940  8799
WILDBLUE-1              
1 29643U 06054A   09117.54210358 -.00000047  00000-0  10000-3 0  4255
2 29643   0.0284 139.9486 0000970 265.7774 253.9808  1.00271990  8770
AMC-18                  
1 29644U 06054B   09117.53879869 -.00000087  00000-0  10000-3 0  4257
2 29644   0.0941  67.7255 0002807 309.1165 287.8351  1.00271962  8780
MEASAT-3                
1 29648U 06056A   09118.15740677 -.00000241  00000-0  10000-3 0  4157
2 29648   0.0052 332.3950 0001398 117.9031 274.1227  1.00269862  8812
KIKU-8 (ETS-VIII)       
1 29656U 06059A   09117.63532666 -.00000232  00000-0  10000-3 0  3977
2 29656   0.0599 332.5155 0000877 142.1820 115.8242  1.00272297  8693
BEIDOU 1D               
1 30323U 07003A   09117.96126436 -.00000146  00000-0  10000-3 0  6674
2 30323   4.4940 278.8448 0090253 325.9459 242.9223  0.99380587  8631
INSAT-4B                
1 30793U 07007A   09117.94550810 -.00000257  00000-0  10000-3 0  3685
2 30793   0.0720  63.4965 0002975 277.7664 308.6690  1.00270449  7813
SKYNET 5A               
1 30794U 07007B   09113.69612469 -.00000004  00000-0  10000-3 0  3391
2 30794   0.0626  28.5569 0002898   6.3085  66.4811  1.00268298  7945
ANIK F3                 
1 31102U 07009A   09117.46587587  .00000001  00000-0  10000-3 0  3125
2 31102   0.0093 165.8718 0002606 226.8609 231.8708  1.00273262  7564
ASTRA 1L                
1 31306U 07016A   09114.00000000  .00000129  00000-0  00000-0 0  2683
2 31306   0.0810 241.0190 0003082  99.7990 250.5040  1.00268971  7273
GALAXY 17 (G-17)        
1 31307U 07016B   09118.37949116 -.00000176  00000-0  10000-3 0  3596
2 31307   0.0112 327.7617 0003125  70.2704 224.0813  1.00271283  7319
NIGCOMSAT 1             
1 31395U 07018A   09117.59739896  .00000084  00000-0  10000-3 0  4251
2 31395   0.4783  80.8411 0004120 299.4882 104.5849  1.00328687  7302
SINOSAT 3               
1 31577U 07021A   09118.39100034 -.00000355  00000-0  10000-3 0  5435
2 31577   0.0715  90.8638 0001351 248.6982 142.6904  1.00272416  7029
ZHONGXING-6B            
1 31800U 07031A   09117.78582840 -.00000360  00000-0  10000-3 0  4992
2 31800   0.0053 228.9396 0002598 159.2296 226.1867  1.00273311  6702
DIRECTV 10              
1 31862U 07032A   09118.44942808 -.00000105  00000-0  10000-3 0  3119
2 31862   0.0301  74.7866 0000526 217.1851 343.6215  1.00271487  6642
SPACEWAY 3              
1 32018U 07036A   09118.45664955 -.00000153  00000-0  00000+0 0  2467
2 32018   0.0501  78.4136 0001164 212.2841 355.3096  1.00270710  6367
BSAT-3A                 
1 32019U 07036B   09113.96885091 -.00000341  00000-0  10000-3 0  2638
2 32019   0.0595  92.4222 0003042   6.0359 212.3703  1.00271532  6251
INSAT-4CR               
1 32050U 07037A   09116.98434436 -.00000073  00000-0  10000-3 0  3826
2 32050   0.0638  73.9159 0003900 330.2653 239.2909  1.00272679  6089
OPTUS D2                
1 32252U 07044A   09116.55140782 -.00000177  00000-0  10000-3 0  3307
2 32252   0.0570  81.4871 0003053 310.1980 173.5262  1.00271735  5759
INTELSAT 11 (IS-11)     
1 32253U 07044B   09113.35336794 -.00000260  00000-0  10000-3 0  2248
2 32253   0.0009 272.4019 0002757 124.2324 259.0007  1.00270375  5711
STAR ONE C1             
1 32293U 07056A   09118.47692902 -.00000278  00000-0  10000-3 0  2215
2 32293   0.0225 139.5278 0002398 270.6464 273.1148  1.00270821  5390
SKYNET 5B               
1 32294U 07056B   09118.57746500  .00000097  00000-0  10000-3 0  2826
2 32294   0.0701 352.8827 0002951  43.3891  81.0331  1.00272654  5480
SIRIUS 4                
1 32299U 07057A   09113.58204278  .00000042  00000-0  10000-3 0  2010
2 32299   0.0537 103.5050 0002070 284.2370  38.3551  1.00273032  5289
RADUGA-1M 1             
1 32373U 07058A   09118.91799574 -.00000042  00000-0  10000-3 0  4130
2 32373   0.0250 264.7751 0003141 176.9343 175.8083  1.00270177  5979
RASCOM-QAF 1            
1 32387U 07063A   09117.75738905  .00000019  00000-0  10000-3 0  1638
2 32387   0.0533  88.8928 0001637   8.3524  34.0742  1.00271279  5428
HORIZONS 2              
1 32388U 07063B   09117.48528774 -.00000250  00000-0  00000+0 0  2128
2 32388   0.0010 283.3891 0001699 112.6913 280.1673  1.00270329  5106
THURAYA-3               
1 32404U 08001A   09117.87529919 -.00000308  00000-0  10000-3 0  2348
2 32404   5.6870 330.7385 0004584  55.7357 243.2527  1.00271246  4768
EXPRESS-AM 33           
1 32478U 08003A   09118.87361034 -.00000283  00000-0  10000-3 0  3178
2 32478   0.0465  47.6676 0000781  88.3810 131.8970  1.00269298  4887
THOR 5                  
1 32487U 08006A   09113.75046394  .00000000  00000-0  10000-3 0  1963
2 32487   0.0288 160.7190 0003136 213.1802 107.4099  1.00272707  4389
KIZUNA (WINDS)          
1 32500U 08007A   09116.39496248 -.00000252  00000-0  10000-3 0  1500
2 32500   0.0475  61.9386 0003114 327.5835 110.1839  1.00270446  4341
AMC-14                  
1 32708U 08011A   09117.92905119  .00000179  00000-0  10000-3 0  3999
2 32708  13.2263 119.2440 0052670 355.8620 109.8781  1.00279062  5409
DIRECTV 11              
1 32729U 08013A   09117.47486784 -.00000123  00000-0  00000+0 0  2383
2 32729   0.0545  53.9319 0000211 190.1424  43.2469  1.00271633  4166
ICO G1                  
1 32763U 08016A   09118.47471834 -.00000179  00000-0  10000-3 0  2369
2 32763   5.5643 328.9136 0002769  62.4214 263.2853  1.00271578  3835
VINASAT-1               
1 32767U 08018A   09116.83972318 -.00000324  00000-0  10000-3 0  2021
2 32767   0.0306 356.4007 0001648  52.6151 240.1959  1.00270347  3838
STAR ONE C2             
1 32768U 08018B   09117.45636052 -.00000262  00000-0  10000-3 0  1584
2 32768   0.0237 151.2207 0002506 253.5101 265.1047  1.00269199  3878
TIANLIAN I (CTDRS-1)    
1 32779U 08019A   09118.88522694 -.00000110  00000-0  10000-3 0  3204
2 32779   0.0194 295.7309 0005487 136.8541 180.0740  1.00272743  3718
AMOS 3                  
1 32794U 08022A   09113.42644083 -.00000025  00000-0  10000-3 0  1479
2 32794   0.0839  72.9415 0003175 284.2964   3.8935  1.00273015  3646
GALAXY 18 (G-18)        
1 32951U 08024A   09114.23118595  .00000034  00000-0  10000-3 0  1615
2 32951   0.0069  45.1128 0003181 350.8860 136.6266  1.00273469  3411
CHINASAT 9              
1 33051U 08028A   09118.59570331 -.00000249  00000-0  10000-3 0  2658
2 33051   0.0012 183.0633 0006259 208.0192 132.2637  1.00270119  3272
SKYNET 5C               
1 33055U 08030A   09118.15522063 -.00000138  00000-0  00000+0 0  1242
2 33055   0.4016 178.6327 0003432 213.7853 221.9535  1.00272070  3261
TURKSAT 3A              
1 33056U 08030B   09117.65103610  .00000148  00000-0  10000-3 0  1593
2 33056   0.0334 271.8949 0005430  51.3446 168.9244  1.00272419  3311
COSMOS 2440             
1 33108U 08033A   09117.71155337 -.00000138  00000-0  10000-3 0  2540
2 33108   1.5925 287.3256 0004527  90.4475 174.2173  1.00276536  3041
PROTOSTAR 1             
1 33153U 08034A   09118.56643064 -.00000295  00000-0  00000+0 0  1991
2 33153   0.0316  73.4572 0002227 303.5936 141.8626  1.00270600  2991
BADR-6                  
1 33154U 08034B   09116.95471922  .00000149  00000-0  10000-3 0  1548
2 33154   0.0516 325.4492 0004531  25.2705 234.0526  1.00273664  2994
ECHOSTAR 11             
1 33207U 08035A   09113.22933536 -.00000048  00000-0  10000-3 0  1830
2 33207   0.0607  50.4232 0003260 328.6870 164.8686  1.00272766  2845
SUPERBIRD 7             
1 33274U 08038A   09117.61145644 -.00000250  00000-0  10000-3 0  1845
2 33274   0.4910  82.0567 0004634 318.2768 179.2493  1.00270871  2615
AMC-21                  
1 33275U 08038B   09113.69664676  .00000045  00000-0  10000-3 0  1617
2 33275   0.0077 321.8915 0002995  77.2129 298.6821  1.00274215  2660
INMARSAT 4-F3           
1 33278U 08039A   09118.40706659 -.00000145  00000-0  10000-3 0  1930
2 33278   2.9854 332.3440 0002776  58.8889 234.1808  1.00271264  2573
NIMIQ 4                 
1 33373U 08044A   09114.18507076 -.00000211  00000-0  10000-3 0  1119
2 33373   0.0122 333.4313 0001230  26.5083 197.0342  1.00270829  2216
GALAXY 19 (G-19)        
1 33376U 08045A   09117.45322635 -.00000136  00000-0  10000-3 0  1354
2 33376   0.0095 177.2637 0002936 209.8132 254.5775  1.00271380  2195
VENESAT-1               
1 33414U 08055A   09118.26779925 -.00000238  00000-0  00000+0 0  1264
2 33414   0.0096 329.4668 0001678  35.4669 229.8271  1.00270843  1901
ASTRA 1M                
1 33436U 08057A   09114.00000000  .00000129  00000-0  00000+0 0   996
2 33436   0.0880 196.7960 0001282 279.7120 114.8570  1.00266941  1732
CIEL-2                  
1 33453U 08063A   09118.40417378  .00000056  00000-0  10000-3 0  1287
2 33453   0.0114 244.8533 0002804 148.5847 199.7717  1.00273587  1416
HOT BIRD 9              
1 33459U 08065A   09116.98998877  .00000091  00000-0  10000-3 0   877
2 33459   0.0692  87.8950 0004547 336.2931 160.3066  1.00270537  1476
EUTELSAT W2M            
1 33460U 08065B   09114.89950422  .00000077  00000-0  10000-3 0   741
2 33460   0.1657  72.2687 0006248 209.2541 265.2171  1.00275566  1313
FENGYUN 2E              
1 33463U 08066A   09118.79165311 -.00000364  00000-0  00000+0 0  1086
2 33463   2.3543 284.8653 0001506 288.7270  51.3391  1.00262294  1346
EXPRESS-AM 44           
1 33595U 09007A   09117.85347986 -.00000087  00000-0  10000-3 0   877
2 33595   0.0628  10.2016 0001735 267.4559 234.5983  1.00274628   809
EXPRESS-MD1             
1 33596U 09007B   09117.69235582 -.00000135  00000-0  00000+0 0   664
2 33596   0.0426  61.7085 0001876  21.1185 102.3310  1.00271689   832
NSS-9                   
1 33749U 09008A   09117.56917659  .00000074  00000-0  10000-3 0   535
2 33749   0.0675  62.7962 0001121 339.3885 201.3681  1.00272598   793
HOT BIRD 10             
1 33750U 09008B   09113.63046638 -.00000051  00000-0  10000-3 0   728
2 33750   0.0653  35.2582 0003673 352.1784  44.0008  1.00271533   792
