STARLETTE               
1 07646U 75010A   09118.50427593 -.00000076  00000-0  50368-4 0  9271
2 07646  49.8291 326.9834 0205624 268.6509  89.0830 13.82271736728812
LAGEOS 1                
1 08820U 76039A   09117.81131595  .00000001  00000-0  10000-3 0  7739
2 08820 109.8163 195.1607 0044821 202.6927 157.1812  6.38664716513825
EGP                     
1 16908U 86061A   09118.89350466 -.00000083  00000-0  10000-3 0  8934
2 16908  50.0128 310.5651 0011577  93.2119 267.0041 12.44462095701464
LAGEOS 2                
1 22195U 92070B   09118.87928991 -.00000009  00000-0  10000-3 0  9814
2 22195  52.6562 262.0389 0136913 331.0770  28.2258  6.47294181390473
STELLA                  
1 22824U 93061B   09118.11998761 -.00000077  00000-0 -14211-4 0  2608
2 22824  98.4735  67.9620 0007437  88.8671 271.3400 14.27283131812049
WESTPAC                 
1 25398U 98043E   09118.04523931 -.00000055  00000-0 -63491-5 0  5117
2 25398  98.3314 141.9759 0001827  39.4653 320.6656 14.22674760560885
GRACE 1                 
1 27391U 02012A   09118.10214199  .00000394  00000-0  10858-4 0  1807
2 27391  89.0200   9.6707 0014080 309.5314  50.4689 15.34165025397632
GRACE 2                 
1 27392U 02012B   09117.77562627  .00000506  00000-0  14219-4 0  1802
2 27392  89.0204   9.7289 0015045 312.7995  47.1982 15.34164121397585
