GOES 1 [-]              
1 08366U 75100A   09116.61418646 -.00000217  00000-0  10000-3 0  8522
2 08366  14.3778 348.2415 0003651 291.3749  68.5441  1.00304039122432
GOES 2 [-]              
1 10061U 77048A   09117.22724499  .00000080  00000-0  10000-3 0  8228
2 10061  14.6429 356.6874 0016979 256.6299 103.1403  0.99394237 61292
GOES 3 [P]              
1 10953U 78062A   09117.68663253 -.00000130  00000-0  10000-3 0  4789
2 10953  14.3436   0.5008 0004116 339.7776  20.1674  1.00267880 66169
GOES 4 [-]              
1 11964U 80074A   09114.38295089 -.00000096  00000-0  10000-3 0  1104
2 11964  14.6860   4.2282 0036928 294.7584  64.8210  0.99232152 65491
GOES 5 [-]              
1 12472U 81049A   09116.63505587 -.00000282  00000-0  10000-3 0  1443
2 12472  13.6342  14.7198 0001515 235.1192 124.8161  1.00252055 60191
GOES 6 [-]              
1 14050U 83041A   09116.67308109 -.00000256  00000-0  10000-3 0  1481
2 14050  13.2794  19.8220 0002042 322.7157  37.2126  1.00293734153295
GOES 7 [-]              
1 17561U 87022A   09117.45062646  .00000055  00000-0  10000-3 0  9231
2 17561  12.0065  37.7274 0003159 214.4241 308.5361  1.00264092 64406
GOES 8 [-]              
1 23051U 94022A   09117.99957237  .00000031  00000-0  10000-3 0  7645
2 23051   5.6242  74.3344 0006239 187.8261 172.0743  0.98904971 62223
GOES 9 [P]              
1 23581U 95025A   09117.20945839 -.00000247  00000-0  10000-3 0   436
2 23581   5.1815  71.2438 0004876 278.0506  81.8045  0.98802555 50923
GOES 10 [+]             
1 24786U 97019A   09117.40079272 -.00000280  00000-0  10000-3 0  8851
2 24786   3.5053  75.2018 0003106 326.6029 258.0011  1.00280364 43992
GOES 11 [+]             
1 26352U 00022A   09118.40993384  .00000085  00000-0  10000-3 0  2913
2 26352   0.3166  85.3069 0001970 281.1916 222.6832  1.00283774 32903
GOES 12 [+]             
1 26871U 01031A   09118.41676571 -.00000250  00000-0  10000-3 0   336
2 26871   0.1067 257.2178 0004138 165.6849 228.7530  1.00265319 28506
GOES 13 [S]             
1 29155U 06018A   09117.53879771 -.00000085  00000-0  00000+0 0  6150
2 29155   0.2720 251.4848 0001231 343.9870  69.0589  1.00268015 10740
