GORIZONT 25             
1 21922U 92017A   09116.92745750  .00000114  00000-0  10000-3 0  1825
2 21922  11.3982  42.9011 0027620 296.4391  63.1940  0.99849369 62435
GORIZONT 26             
1 22041U 92043A   09117.73997367 -.00000118  00000-0  10000-3 0  8181
2 22041  11.2567  44.2485 0027982 101.5657 258.6601  0.99241216 61372
GORIZONT 27             
1 22245U 92082A   09117.08778338 -.00000140  00000-0  10000-3 0  4410
2 22245  11.1654  45.4164 0014911 226.8243 132.9665  1.00228675 64432
GORIZONT 28             
1 22880U 93069A   09117.94638878 -.00000211  00000-0  10000-3 0  1494
2 22880  10.6849  48.7315 0032642 354.9988  83.8164  0.99650999 56761
GORIZONT 29             
1 22907U 93072A   09117.09101914 -.00000130  00000-0  10000-3 0  6552
2 22907  10.6607  48.8547 0012859 207.2059 152.6303  1.00170538 56510
GORIZONT 30             
1 23108U 94030A   09116.60677882 -.00000173  00000-0  10000-3 0  4813
2 23108  10.5022  50.1770 0000974 194.5678 165.3447  1.00295832 54713
GORIZONT 31             
1 23775U 96005A   09117.30968235 -.00000137  00000-0  10000-3 0  8128
2 23775   9.4532  55.9582 0018396  65.1737 294.9207  0.99882193 48520
GORIZONT 32             
1 23880U 96034A   09118.02134910 -.00000113  00000-0  10000-3 0  1950
2 23880   9.3176  57.0745 0002444 304.8806 208.2915  1.00272126 47335
GORIZONT 33             
1 26372U 00029A   09117.94030631  .00000134  00000-0  10000-3 0  5959
2 26372   6.5607  66.1432 0002659 309.4965 204.1809  1.00196793 32663
