RADUGA 32               
1 23448U 94087A   09117.34125531 -.00000089  00000-0  10000-3 0  1355
2 23448  10.1182  52.9566 0004156 141.2855 218.6501  1.00284150 70170
RADUGA-1 4              
1 25642U 99010A   09117.27955789 -.00000353  00000-0  10000-3 0  2470
2 25642   8.7492  69.7974 0002760 144.9304 215.0046  1.00275511 37216
RADUGA-1 5              
1 26477U 00049A   09117.93194953  .00000130  00000-0  10000-3 0  5433
2 26477   6.3821  67.7470 0002096 291.2608 238.3321  1.00296382 31720
RADUGA-1 7              
1 28194U 04010A   09117.74757565 -.00000185  00000-0  10000-3 0  1916
2 28194   3.6992  86.0213 0001183 326.7201 157.6842  1.00273754 18639
RADUGA-1M 1             
1 32373U 07058A   09118.91799574 -.00000042  00000-0  10000-3 0  4130
2 32373   0.0250 264.7751 0003141 176.9343 175.8083  1.00270177  5979
