LANDSAT 5               
1 14780U 84021A   09118.81913497  .00000026  00000-0  15883-4 0  6013
2 14780  98.2461 186.8526 0001667 256.7875 103.3130 14.57093459338190
SPOT 2                  
1 20436U 90005A   09118.82713016  .00000189  00000-0  10896-3 0  2938
2 20436  98.6657 189.9145 0001003  83.3452  53.3258 14.20060761998687
ERS-2                   
1 23560U 95021A   09118.80414903 -.00000170  00000-0 -46700-4 0   375
2 23560  98.5564 194.6596 0001046  80.0839 280.0484 14.32239878733145
RADARSAT-1              
1 23710U 95059A   09118.96562821  .00000214  00000-0  10000-3 0  1655
2 23710  98.5796 126.4594 0001252  82.2963   0.3384 14.29988768703774
TOMS EP                 
1 23940U 96037A   09118.63126271  .00000082  00000-0  30535-4 0   485
2 23940  98.0377 353.0186 0030208 147.1878 213.1195 14.52236117682234
MIDORI (ADEOS)          
1 24277U 96046A   09117.94419804 -.00000025  00000-0  64945-5 0   457
2 24277  98.3586  84.6167 0002085  64.5608 295.5788 14.28595579661753
ORBVIEW 2 (SEASTAR)     
1 24883U 97037A   09117.90698400 -.00000047  00000-0  15598-6 0  7742
2 24883  98.3347 241.5040 0002103  30.6172 329.5146 14.59985196625103
IRS-1D                  
1 24971U 97057A   09118.78198106 -.00000078  00000-0 -13451-4 0  2404
2 24971  98.2418 157.2833 0055528  82.2960 278.4517 14.32968650605759
TRMM                    
1 25063U 97074A   09118.84107018  .00003100  00000-0  43985-4 0   506
2 25063  34.9669 304.9175 0001105 295.1273  64.9312 15.55912094652403
SPOT 4                  
1 25260U 98017A   09118.81476692 -.00000020  00000-0  11197-4 0   539
2 25260  98.7008 192.4665 0001296  64.0912  69.7508 14.20039531575327
FASAT B                 
1 25395U 98043B   09118.66893093  .00000042  00000-0  35699-4 0  4370
2 25395  98.3429 152.2996 0003253  11.2506 348.8738 14.24342874561397
TECHSAT 1B (GO-32)      
1 25397U 98043D   09118.08476797  .00000070  00000-0  48948-4 0  8798
2 25397  98.3282 143.1013 0002052  68.1217 292.0170 14.23158294561009
LANDSAT 7               
1 25682U 99020A   09118.78686583 -.00000008  00000-0  82517-5 0  6920
2 25682  98.2113 187.5083 0001536  79.6260 280.5107 14.57108506533883
KITSAT 3                
1 25756U 99029A   09118.56731565 -.00000081  00000-0 -79996-5 0  8952
2 25756  98.6649 309.7715 0013805 327.6497  32.3844 14.52532222525954
DLR-TUBSAT              
1 25757U 99029B   09118.76420192  .00000021  00000-0  17503-4 0  7198
2 25757  98.6840 300.6781 0014046 354.5007   5.6031 14.50838903525544
IRS-P4 (OCEANSAT 1)     
1 25758U 99029C   09118.34053718  .00000169  00000-0  53817-4 0  1341
2 25758  98.2736 214.1255 0001738  75.2803 284.8594 14.50859770525635
QUIKSCAT                
1 25789U 99034A   09118.44543793 -.00000010  00000-0  14058-4 0  4140
2 25789  98.6349 308.2490 0001375  65.4034 294.7285 14.26785442513364
IKONOS 2                
1 25919U 99051A   09118.80571542 -.00000080  00000-0 -61800-5 0  8125
2 25919  98.1048 194.8424 0000831 104.0366 256.0923 14.64449425512831
CBERS 1 (ZY 1A)         
1 25940U 99057A   09118.82572138 -.00000037  00000-0  13531-5 0  7352
2 25940  98.1566 126.9431 0004144 221.9331 138.1530 14.34447075499739
TERRA                   
1 25994U 99068A   09118.80633608  .00000062  00000-0  23701-4 0  6312
2 25994  98.2033 194.5467 0001273 115.4177 244.7151 14.57115823497967
ARIRANG 1 (KOMPSAT-1)   
1 26032U 99070A   09118.79779354  .00000074  00000-0  22031-4 0  7876
2 26032  97.9284   1.2110 0005984  42.2638 317.9025 14.65597353500257
EO-1                    
1 26619U 00075A   09118.81974133 -.00000492  00000-0 -89075-4 0    15
2 26619  98.1448 186.9067 0010652 100.6016 259.6339 14.61840753449053
SAC C                   
1 26620U 00075B   09118.86672547 -.00000024  00000-0  40047-5 0  7010
2 26620  97.9132 154.1133 0001450  98.2110 261.9226 14.56563250448492
EROS A1                 
1 26631U 00079A   09118.83079069  .00001034  00000-0  54322-4 0  7531
2 26631  97.4913 184.6247 0009982 149.1103 318.5419 15.17908503467032
QUICKBIRD 2             
1 26953U 01047A   09118.82322975  .00001856  00000-0  48600-4 0  9930
2 26953  97.1496 196.5882 0002549  82.3963  28.3761 15.39956827423015
TES                     
1 26957U 01049A   09118.76327198  .00000442  00000-0  39027-4 0   205
2 26957  97.5731 197.7910 0024556 359.6562   0.4654 15.01056674411791
JASON 1                 
1 26997U 01055A   09117.93481551 -.00000038  00000-0  10000-3 0   186
2 26997  66.0418 174.8622 0007916 266.6225  93.3867 12.80930770345603
METEOR-3M               
1 27001U 01056A   09118.83221910 -.00000017  00000-0  29350-4 0  4039
2 27001  99.2691 336.3418 0013765 163.0829 197.0779 13.68711617368768
BADR-B                  
1 27003U 01056C   09117.64104425  .00000116  00000-0  17993-3 0  2755
2 27003  99.2590 341.4157 0018713 169.6313 190.5215 13.70100953369035
MAROC-TUBSAT            
1 27004U 01056D   09117.76395532  .00000023  00000-0  74373-4 0  3013
2 27004  99.2544 340.8894 0019663 170.9850 189.1653 13.70027098369029
ENVISAT                 
1 27386U 02009A   09118.78256650  .00000035  00000-0  29143-4 0  9097
2 27386  98.5505 186.8661 0001194  91.9386 268.1929 14.32247249374422
SPOT 5                  
1 27421U 02021A   09118.76871161 -.00000303  00000-0 -12161-3 0  9786
2 27421  98.7767 192.1060 0001228 109.8858 250.2440 14.20005001362150
AQUA                    
1 27424U 02022A   09118.27914860  .00000079  00000-0  27509-4 0  2683
2 27424  98.1872  61.4850 0000742  42.2038 317.9244 14.57122635371492
HAIYANG-1A              
1 27430U 02024A   09118.23770843  .00000025  00000-0  26577-4 0   480
2 27430  98.4864 185.6484 0008063 224.6076 135.4458 14.29698036362938
ALSAT 1                 
1 27559U 02054A   09118.86963301  .00099073  00000-0  17861-1 0  2876
2 27559  97.9519 355.1244 0007671 155.7908 204.3642 14.65898635342487
MIDORI II (ADEOS-II)    
1 27597U 02056A   09118.74611781 -.00000160  00000-0 -49217-4 0  8419
2 27597  98.4780 184.8290 0001802  84.6067 275.5307 14.26161506331741
ICESAT                  
1 27642U 03002A   09118.57441130  .00000067  00000-0  81416-5 0  2003
2 27642  94.0024 267.5850 0003472  72.2886 287.8721 14.90866857342271
ORBVIEW 3               
1 27838U 03030A   09118.83748066  .00001592  00000-0  41186-4 0  5341
2 27838  97.0618 179.2889 0001134 107.6097   4.8411 15.40513315327800
IRS-P6 (RESOURCESAT-1)  
1 28051U 03046A   09118.84514075  .00000012  00000-0  25562-4 0  5355
2 28051  98.7158 195.3166 0001028 301.0776  59.0295 14.21626895287104
CBERS 2 (ZY 1B)         
1 28057U 03049A   09118.77650710 -.00000035  00000-0  23768-5 0  3275
2 28057  98.2869 172.8940 0002458 117.8793 242.2638 14.34905359289315
TANSUO 1                
1 28220U 04012A   09117.77503346  .00000242  00000-0  31436-4 0  1838
2 28220  97.4993 157.9146 0012131   7.9996 352.1355 14.88639825272917
FORMOSAT-2 (ROCSAT 2)   
1 28254U 04018A   09118.78487468  .00000107  00000-0  10000-3 0  6196
2 28254  98.8633 180.0575 0002829  90.2710  46.1809 14.00831475252602
AURA                    
1 28376U 04026A   09118.42216979  .00000056  00000-0  22498-4 0  4857
2 28376  98.1939  63.7873 0000637  80.7271 279.4011 14.57126987254568
PARASOL                 
1 28498U 04049G   09118.00636279  .00000020  00000-0  14534-4 0  3997
2 28498  98.2706  61.2803 0001283  92.5873 267.5474 14.57119481231779
IRS-P5 (CARTOSAT-1)     
1 28649U 05017A   09118.74305583  .00000066  00000-0  14715-4 0  5097
2 28649  97.8690 192.5479 0000931 107.4659 252.6657 14.82657643215537
TOPSAT                  
1 28891U 05043B   09118.81677960  .00000042  00000-0  18327-4 0  9400
2 28891  98.0579  10.0963 0018002 139.8836 220.3707 14.59758892186662
SINAH 1                 
1 28893U 05043D   09118.73420305 -.00000015  00000-0  63130-5 0  8775
2 28893  98.0612  10.8830 0016133 139.3419 220.8987 14.60071195186692
ALOS (DAICHI)           
1 28931U 06002A   09118.78525760 -.00000202  00000-0 -32892-4 0  6744
2 28931  98.1922 194.5301 0001313  98.0802 262.0543 14.59550752173695
EROS B                  
1 29079U 06014A   09118.77615316  .00001083  00000-0  50490-4 0  4048
2 29079  97.4371 240.3519 0006641 196.4231 298.9062 15.22001788167001
RSS-1 (YAOGAN 1)        
1 29092U 06015A   09118.74599677  .00000020  00000-0  93265-5 0  3702
2 29092  97.8374 114.0608 0001162  48.9008 311.2303 14.80313990162450
RESURS-DK 1             
1 29228U 06021A   09118.79656285  .00000637  00000-0  17218-4 0  2362
2 29228  69.9326 143.7158 0165100 251.5488 106.7665 15.32252206160764
ARIRANG 2 (KOMPSAT-2)   
1 29268U 06031A   09118.88938486  .00000039  00000-0  17197-4 0   745
2 29268  98.0475  12.8530 0017051 304.6268  55.3327 14.61703028146888
LAPAN-TUBSAT            
1 29709U 07001A   09118.72001282  .00000012  00000-0  83628-5 0  5470
2 29709  97.8183 175.6285 0014800  84.9716 275.3186 14.80249247124164
CARTOSAT-2 (IRS-P7)     
1 29710U 07001B   09118.71788530  .00000007  00000-0  78871-5 0  5501
2 29710  97.8867 180.2543 0001519 126.6182 233.5165 14.78667730124079
HAIYANG-1B              
1 31113U 07010A   09118.87063861  .00000212  00000-0  10000-3 0  2874
2 31113  98.5474 193.4126 0013234 206.8113 153.2383 14.29421522106899
COSMO-SKYMED 1          
1 31598U 07023A   09118.71137251  .00000022  00000-0  92712-5 0  1176
2 31598  97.8667 308.3370 0001382  84.4297 275.7074 14.82164778102297
TERRASAR-X              
1 31698U 07026A   09118.80619331 -.00000092  00000-0 -12098-5 0   845
2 31698  97.4442 126.9154 0001560  85.4796  39.3686 15.19148857103770
WORLDVIEW-1 (WV-1)      
1 32060U 07041A   09118.80108459  .00000465  00000-0  21840-4 0  7988
2 32060  97.4320 196.6559 0001381  54.6029  88.3106 15.24441965 89563
CBERS 2B                
1 32062U 07042A   09118.72474150  .00000000  00000-0  15168-4 0  7943
2 32062  98.4863 195.4295 0001167  65.3096 294.8212 14.35442195 84303
COSMO-SKYMED 2          
1 32376U 07059A   09118.74513070  .00000011  00000-0  79683-5 0  5387
2 32376  97.8671 308.3698 0001429  82.7510 277.3863 14.82164078 75040
RADARSAT-2              
1 32382U 07061A   09118.80114703  .00000214  00000-0  10000-3 0  5206
2 32382  98.5793 127.1493 0001143  87.6610  36.3219 14.29982066 71633
CARTOSAT-2A             
1 32783U 08021A   09118.74783445  .00000060  00000-0  15367-4 0  1180
2 32783  97.9528 181.7827 0014801 209.5151 150.5225 14.78674084 54026
IMS-1                   
1 32786U 08021D   09118.21034636  .00000754  00000-0  10644-3 0  3607
2 32786  97.9508 181.8967 0012402 185.5470 174.5605 14.80039550 53994
JASON 2 (OSTM)          
1 33105U 08032A   09118.75182777 -.00000061  00000-0  00000+0 0  2932
2 33105  66.0411 173.5643 0007959 270.6253  89.3853 12.80931675 40019
RAPIDEYE 2              
1 33312U 08040A   09118.76155030  .00000013  00000-0  87205-5 0  7674
2 33312  97.9747 204.3392 0011110 274.5709  85.4235 14.79897710 35893
RAPIDEYE 5              
1 33313U 08040B   09118.78700051 -.00000013  00000-0  53555-5 0  7623
2 33313  97.9754 203.7060 0018968 138.3096 221.9567 14.79902834 35845
RAPIDEYE 1              
1 33314U 08040C   09118.70728158 -.00000329  00000-0 -36245-4 0  8082
2 33314  97.9748 204.3970 0023686 284.7961  75.0624 14.79895516 35879
RAPIDEYE 3              
1 33315U 08040D   09118.81444650  .00000038  00000-0  12038-4 0  7423
2 33315  97.9733 203.9279 0011474 214.1417 145.9063 14.79898554 35853
RAPIDEYE 4              
1 33316U 08040E   09118.80041617  .00000030  00000-0  11022-4 0  7412
2 33316  97.9735 203.7886 0012693 155.6376 204.5444 14.79896393 35848
HJ-1A                   
1 33320U 08041A   09118.81517652  .00000102  00000-0  22662-4 0  7148
2 33320  97.9841 195.0630 0023674 238.8861 121.0023 14.75137864 34612
HJ-1B                   
1 33321U 08041B   09118.84881427  .00000033  00000-0  12683-4 0  7365
2 33321  97.9858 195.0649 0041837 251.6903 107.9751 14.75140682 34604
GEOEYE 1                
1 33331U 08042A   09118.77003310  .00000008  00000-0  10541-4 0  7088
2 33331  98.1020 194.3521 0009369 229.4689 130.5695 14.64447315 34248
THEOS                   
1 33396U 08049A   09118.81832792 -.00000044  00000-0  51000-9 0  2182
2 33396  98.7493 186.6427 0001002  90.9418 269.1873 14.20013609 29771
COSMO-SKYMED 3          
1 33412U 08054A   09118.73246007  .00000012  00000-0  79752-5 0  5666
2 33412  97.8669 308.3562 0001400  87.4888 272.6485 14.82165146 27501
YAOGAN 4                
1 33446U 08061A   09118.86927935 -.00000050  00000-0  00000+0 0  4566
2 33446  97.9043 200.9275 0013611 181.8227 178.2940 14.75709165 21920
YAOGAN 5                
1 33456U 08064A   09118.85917083  .00000484  00000-0  22308-4 0  4337
2 33456  97.3773 194.6460 0006632 175.1759 319.3237 15.24863564 20533
