GOES 9                  
1 23581U 95025A   09117.20945839 -.00000247  00000-0  10000-3 0   436
2 23581   5.1815  71.2438 0004876 278.0506  81.8045  0.98802555 50923
SARSAT 7 (NOAA 15)      
1 25338U 98030A   09118.40238637 -.00000007  00000-0  15532-4 0  9058
2 25338  98.5838 108.7085 0010302 197.0913 162.9918 14.24755590569681
GOES 11                 
1 26352U 00022A   09118.40993384  .00000085  00000-0  10000-3 0  2913
2 26352   0.3166  85.3069 0001970 281.1916 222.6832  1.00283774 32903
COSPAS 9 (NADEZHDA 6)   
1 26384U 00033A   09117.63616085 -.00000096  00000-0 -85229-5 0  5930
2 26384  98.3970 147.2707 0016427  16.9127 343.2626 14.64106121471559
SARSAT 8 (NOAA 16)      
1 26536U 00055A   09118.42484785  .00000007  00000-0  28764-4 0  3816
2 26536  99.1762 120.8892 0011340  64.0282 296.2081 14.12515646443272
GOES 12                 
1 26871U 01031A   09118.41676571 -.00000250  00000-0  10000-3 0   336
2 26871   0.1067 257.2178 0004138 165.6849 228.7530  1.00265319 28506
SARSAT 9 (NOAA 17)      
1 27453U 02032A   09118.46615055  .00000167  00000-0  91121-4 0  3906
2 27453  98.4874 179.2389 0010705 267.7569  92.2388 14.24059112355674
MSG-1                   
1 27509U 02040B   09116.99206161  .00000068  00000-0  10000-3 0  2407
2 27509   0.5207  24.0807 0011890  88.2433 109.2947  1.00278131 24480
INSAT 3A                
1 27714U 03013A   09117.94550785 -.00000257  00000-0  10000-3 0  5893
2 27714   0.1090  77.5375 0005190 343.1870 229.2139  1.00270501 22196
SARSAT 10 (NOAA 18)     
1 28654U 05018A   09118.48934642 -.00000149  00000-0 -58112-4 0  8792
2 28654  98.9052  62.1217 0014909 139.9913 220.2364 14.11250437202941
MSG-2                   
1 28912U 05049B   09109.91088065  .00000001  00000-0  10000-3 0  4974
2 28912   0.4637 122.9236 0001777 215.1050 197.9670  1.00278284 12267
SARSAT 11 (METOP-A)     
1 29499U 06044A   09117.85343111  .00000081  00000-0  57142-4 0  7924
2 29499  98.6905 178.7911 0001030  95.0923 265.0360 14.21498058130860
