ALOUETTE 1 (S-27)       
1 00424U 62049A   09118.54006404  .00000055  00000-0  53179-4 0  1220
2 00424  80.4655 324.1931 0022707 172.5775 187.5716 13.68712969324900
IUE                     
1 10637U 78012A   09117.09006115 -.00000304  00000-0  10000-3 0  4958
2 10637  42.9154  16.0041 1541533 152.3389 216.7188  1.00075273 66942
IRAS                    
1 13777U 83004A   09118.54919726  .00000112  00000-0  10594-3 0  8335
2 13777  99.0718 312.2388 0015138 345.0392  15.0320 14.00096118 10655
AKEBONO (EXOS-D)        
1 19822U 89016A   09118.16735848  .00009380  76550-7  29523-3 0  2084
2 19822  75.0779 324.7088 2703150   2.6007 358.6200  9.99434584590467
INTERCOSMOS 24          
1 20261U 89080A   09118.06892005  .00000192  00000-0  47647-4 0  9270
2 20261  82.5879 131.4758 1216459  95.1968 278.8773 12.53427986893309
COBE                    
1 20322U 89089A   09117.54919251 -.00000205  00000-0 -10110-3 0  8890
2 20322  98.9889 120.2809 0007963 262.4907  97.5353 14.04370532996060
HST                     
1 20580U 90037B   09117.96807583  .00000309  00000-0  11049-4 0  3779
2 20580  28.4686  69.9976 0003856 130.7273 229.3650 15.00478370842301
ROSAT                   
1 20638U 90049A   09118.85132824  .00003676  00000-0  52149-4 0  6605
2 20638  52.9959 315.9554 0004227 136.3564 223.7782 15.59340768 52113
CRRES                   
1 20712U 90065A   09116.83444328 -.00000007  00000-0  12773-3 0  8816
2 20712  17.8626  97.4998 7123090  22.5465 357.2042  2.42716519155849
SARA                    
1 21578U 91050E   09118.54794803  .00000089  00000-0  33819-4 0  5189
2 21578  98.2202  90.8131 0003638 343.1331  16.9739 14.50439655937228
UARS                    
1 21701U 91063B   09117.79207732  .00003840  00000-0  55617-4 0  6524
2 21701  56.9715 225.4857 0082647  76.0424 284.9808 15.54887083971385
SAMPEX                  
1 22012U 92038A   09118.19914185  .00002305  00000-0  56758-4 0  8877
2 22012  81.6402   0.4899 0048535  86.8212 273.8582 15.38788275926727
ORBVIEW 1 (MICROLAB)    
1 23547U 95017C   09118.09106510  .00000147  00000-0  48484-4 0  9099
2 23547  69.9811 323.9499 0012251 324.8606  35.1723 14.55479326745324
RXTE (XTE)              
1 23757U 95074A   09117.89452302  .00001061  00000-0  21831-4 0  8558
2 23757  22.9838  33.6959 0008604  76.8616 283.2876 15.27199092738071
FAST                    
1 24285U 96049A   09117.90381043  .00000301  00000-0  27746-4 0  8190
2 24285  82.9710  83.9289 1997133 262.7484  74.3738 11.26182249512876
TRACE                   
1 25280U 98020A   09118.57185808 -.00000203  00000-0 -11845-4 0  1685
2 25280  97.6870 328.7276 0023196  59.9569 300.3955 14.98791511603623
SAFIR 2                 
1 25399U 98043F   09117.81322646 -.00000011  00000-0  13240-4 0  3218
2 25399  98.3359 150.0949 0001535  12.0902 348.0303 14.23933806561184
SWAS                    
1 25560U 98071A   09118.51625217 -.00000025  00000-0  68199-5 0  9324
2 25560  69.8984 128.8232 0011204 303.3042  56.7042 14.86856497562985
ASTRID 2                
1 25568U 98072B   09118.23585195  .00000175  00000-0  17617-3 0   392
2 25568  82.9518  16.1812 0024427 191.5597 168.5008 13.71987994519816
ORSTED                  
1 25635U 99008B   09118.44673327  .00000097  00000-0  31998-4 0  6258
2 25635  96.4471 321.4949 0143339 348.0293  11.7516 14.45807798536556
SUNSAT (SO-35)          
1 25636U 99008C   09117.58952104  .00000022  00000-0  13527-4 0  2922
2 25636  96.4493 313.8606 0149042  22.6279 338.1396 14.43461200535803
WIRE                    
1 25646U 99011A   09118.19139901  .00005165  00000-0  73602-4 0  7879
2 25646  97.2799  21.9025 0005993 323.3720  36.7128 15.56771881567300
ABRIXAS                 
1 25721U 99022A   09118.52387057  .00000567  00000-0  40195-4 0  5521
2 25721  48.4421 211.5445 0020626 326.6450  33.3182 15.20159175552903
TERRIERS                
1 25735U 99026A   09117.69985018  .00000248  00000-0  13083-4 0  7038
2 25735  97.2315 352.6295 0005877 230.1186 129.9534 15.23892223551192
FUSE 1                  
1 25791U 99035A   09115.55586092  .00000181  00000-0  38225-6 0  4223
2 25791  24.9843 290.5668 0010364  83.2787 276.8916 14.41792119518799
CXO                     
1 25867U 99040B   09118.91666667  .00000436  00000-0  10000-3 0  3188
2 25867  65.2454  70.8642 7426088 276.1961   1.3771  0.37797247  4829
CLEMENTINE              
1 25978U 99064B   09118.26595209 -.00000251  00000-0 -22362-4 0  6251
2 25978  98.1430 191.3437 0009745 293.7991  66.2198 14.85471853508507
XMM-NEWTON              
1 25989U 99066A   09118.16666667  .00000388  00000-0  10000-3 0  6682
2 25989  58.7448 100.0306 5836002 112.9863 356.6134  0.50120683  5980
TERRA                   
1 25994U 99068A   09118.80633608  .00000062  00000-0  23701-4 0  6312
2 25994  98.2033 194.5467 0001273 115.4177 244.7151 14.57115823497967
ACRIMSAT                
1 26033U 99070B   09118.83147881  .00000001  00000-0  97113-5 0  6510
2 26033  97.9839   3.4742 0028649 354.0398   6.0455 14.60542988498347
IMAGE                   
1 26113U 00017A   09115.72829060  .00000160  00000-0  00000-0 0  8155
2 26113  91.3377 211.9776 7434877 290.0551   8.6441  1.68637413 55945
CLUSTER II-FM6          
1 26410U 00041A   09118.66666667  .00000520  00000-0  00000-0 0  3212
2 26410 111.5875 191.6791 8453253  35.9121 358.2208  0.42188318  4397
CLUSTER II-FM7          
1 26411U 00041B   09118.62500000  .00000524  00000-0  00000-0 0  3356
2 26411 111.5972 191.7879 8453490  35.8917 359.2733  0.42044725  4486
CLUSTER II-FM5          
1 26463U 00045A   09118.62500000  .00000427  00000-0  00000-0 0  3225
2 26463 114.1724 194.3747 8327068  33.8309 359.6840  0.42043325  4987
CLUSTER II-FM8          
1 26464U 00045B   09118.62500000  .00000244  00000-0  00000-0 0  3122
2 26464 106.4625 184.5485 8397731  31.0985 359.5033  0.42046173  4365
MEGSAT-1                
1 26546U 00057B   09118.53449876 -.00000126  00000-0  34883-5 0  6662
2 26546  64.5589 224.3240 0049584 276.9270  82.6165 14.84197878464810
HETE-2                  
1 26561U 00061A   09113.24633025  .00001012  00000-0  17649-4 0  4334
2 26561   1.9507 265.3791 0024274 267.0158  92.7408 14.96034778466864
MUNIN                   
1 26621U 00075C   09118.80603256  .00000018  00000-0  25223-4 0  5452
2 26621  95.4058 158.3688 0717502 162.8683 199.8077 13.03707545401275
ODIN                    
1 26702U 01007A   09118.58001184 -.00000301  00000-0 -21929-4 0  6801
2 26702  97.7103 139.7655 0002840 278.1976  81.8927 14.95710523446046
TIMED                   
1 26998U 01055B   09118.38940741  .00000074  00000-0  13166-4 0  2793
2 26998  74.0720  88.5006 0002448 222.6275 137.4698 14.84066639400130
RHESSI                  
1 27370U 02004A   09118.21268990  .00000192  00000-0  22379-4 0   407
2 27370  38.0382  76.3957 0016124 245.6545 114.2532 15.02112001396219
INTEGRAL                
1 27540U 02048A   09113.12500000  .00000004  00000-0  10000-3 0  7967
2 27540  86.7669   3.1795 8335852 264.9766 358.6012  0.33408015  4116
FEDSAT                  
1 27598U 02056B   09118.86189886 -.00000087  00000-0 -18388-4 0  7703
2 27598  98.3825 172.6071 0009451  25.5525 334.6123 14.28006835332204
WEOS                    
1 27599U 02056C   09118.16032122 -.00000037  00000-0  19028-5 0  7782
2 27599  98.4038 177.1607 0010395  39.4534 320.7394 14.28558623332225
MICRO LABSAT            
1 27600U 02056D   09118.33267149  .00000065  00000-0  42377-4 0  7516
2 27600  98.3960 176.9819 0011349  41.2697 318.9390 14.28857259332327
CORIOLIS                
1 27640U 03001A   09118.13305756  .00000138  00000-0  88184-4 0  9133
2 27640  98.7492 124.8797 0013869 196.1350 163.9399 14.18339580326564
CHIPSAT                 
1 27643U 03002B   09118.52873374  .00000198  00000-0  18300-4 0   574
2 27643  94.0121 282.6629 0010088 303.0696  56.9561 14.97240443343538
SORCE                   
1 27651U 03004A   09117.73595540  .00000034  00000-0  19989-4 0  8877
2 27651  39.9968 231.8910 0027319 352.4338   7.6026 14.82171894338809
GALEX                   
1 27783U 03017A   09117.47549774  .00000221  00000-0  23934-4 0  6541
2 27783  28.9986 207.6717 0003877 310.4058  49.6167 14.59743151320364
MOST                    
1 27843U 03031D   09117.55636749  .00000014  00000-0  27146-4 0  5607
2 27843  98.7183 126.0930 0009404 302.5801  57.4476 14.20113165301998
QUAKESAT                
1 27845U 03031F   09118.06391997  .00000065  00000-0  50928-4 0  5418
2 27845  98.7205 127.3389 0008485 311.7585  48.2872 14.20264142302054
AAU CUBESAT             
1 27846U 03031G   09118.53559403  .00000051  00000-0  43573-4 0  4770
2 27846  98.7070 129.3765 0008692 270.8202  89.1973 14.20976793302290
SCISAT 1                
1 27858U 03036A   09118.84981869  .00000009  00000-0  66106-5 0  7265
2 27858  73.9333 278.6778 0008358 341.6899  18.3962 14.74800638307447
KAISTSAT 4              
1 27945U 03042G   09118.63113392  .00000117  00000-0  31638-4 0  6826
2 27945  97.9548 356.3603 0011405 298.5001  61.5067 14.63141153298332
GP-B                    
1 28230U 04014A   09117.66129273  .00000006  00000-0 -13500-5 0  4938
2 28230  89.9431 158.2992 0002395  63.1011 297.0459 14.75967527270321
DEMETER                 
1 28368U 04025C   09118.80183382 -.00000883  00000-0 -13858-3 0  5119
2 28368  97.9734 185.4511 0001252  89.7979 270.3357 14.70220702258469
DOUBLESTAR (TC-2)       
1 28382U 04029A   09117.44642527  .00000051  00000-0  54760-5 0   444
2 28382  89.2518 336.2169 7301230 295.6018   8.3780  2.11751444 36571
SWIFT                   
1 28485U 04047A   09118.48194120  .00000491  00000-0  81005-5 0  2839
2 28485  20.5577 182.1387 0014633 157.3376 202.7675 14.92530523242230
SUZAKU (ASTRO-EII)      
1 28773U 05025A   09118.61077276  .00000242  00000-0  12925-4 0  9849
2 28773  31.4053 223.1453 0006088  92.9654 267.1686 15.00777456208752
AKARI (ASTRO-F)         
1 28939U 06005A   09118.56964951  .00000079  00000-0  27588-4 0  9761
2 28939  98.2456 122.2552 0008048 342.1142  17.9758 14.57535559168868
FORMOSAT-3 FM6          
1 29047U 06011A   09118.10029830  .00000093  00000-0  54313-4 0  9398
2 29047  71.9787 123.1867 0053537 231.1118 128.5259 14.27100716160582
FORMOSAT-3 FM1          
1 29048U 06011B   09118.69346446  .00000390  00000-0  17471-3 0  9863
2 29048  71.9724  37.5030 0046057 180.9668 179.1383 14.27115264163143
FORMOSAT-3 FM5          
1 29049U 06011C   09118.57036975  .00000361  00000-0  16364-3 0  9255
2 29049  72.0233 186.5414 0037378 243.2844 116.4455 14.27118847158909
FORMOSAT-3 FM3          
1 29050U 06011D   09117.91007095  .00001097  00000-0  26646-3 0  2079
2 29050  72.0103  11.0208 0051938 134.8489 225.6884 14.54003680163934
FORMOSAT-3 FM4          
1 29051U 06011E   09118.04112281  .00000373  00000-0  16522-3 0  9872
2 29051  72.0037  96.7084 0068326 112.9842 247.8482 14.27115550161413
FORMOSAT-3 FM2          
1 29052U 06011F   09118.36925397  .00000360  00000-0  16273-3 0    25
2 29052  72.0359 157.8992 0042616 214.6498 145.1816 14.27112815159766
CLOUDSAT                
1 29107U 06016A   09118.82941911  .00003240  00000-0  72863-3 0  9680
2 29107  98.2117  64.1958 0001967  72.4050 287.7080 14.57130567159683
CALIPSO                 
1 29108U 06016B   09118.00558131  .00000047  00000-0  20566-4 0  9641
2 29108  98.2105  63.4324 0001345  84.3473 275.7895 14.57116503159541
HINODE (SOLAR-B)        
1 29479U 06041A   09118.53933362  .00000098  00000-0  28294-4 0  8394
2 29479  98.0839 124.1228 0015271 187.6451 172.4511 14.62894293138728
SJ-6C                   
1 29505U 06046A   09118.70467413 -.00000266  00000-0 -21685-4 0  8281
2 29505  97.6887 126.8366 0001945 223.5549 136.5519 14.90643349136710
SJ-6D                   
1 29506U 06046B   09118.71960300  .00000135  00000-0  19577-4 0  8220
2 29506  97.6909 125.9930 0001162 329.6805  30.4350 14.89953821136652
COROT                   
1 29678U 06063A   09118.23806287 -.00000038  00000-0 -34744-4 0  7719
2 29678  89.9271  12.4909 0003916 330.2677  29.8271 13.98090681119131
AIM                     
1 31304U 07015A   09118.33502757 -.00000356  00000-0 -29457-4 0  6843
2 31304  97.7978 219.4758 0012632  30.6408 329.5542 14.92102484109365
FGRST (GLAST)           
1 33053U 08029A   09117.86417762  .00000279  00000-0  00000+0 0  2318
2 33053  25.5834 326.0940 0014155 280.0735  79.8215 15.04925541 48299
KORONAS-FOTON           
1 33504U 09003A   09118.56626178  .00000031  00000-0  15932-6 0   730
2 33504  82.4751 273.4158 0014055 247.3945 112.5796 15.05250344 13243
