MACSAT 2 (M 2)          
1 20608U 90043B   09118.41747290  .00000108  00000-0  13098-4 0  6862
2 20608  89.7339  83.5854 0097307  82.4797 278.7465 14.71952737 16038
TUBSAT A                
1 21577U 91050D   09118.86447596 -.00000077  00000-0 -10856-4 0  4642
2 21577  98.4616  66.5096 0006128 187.2450 172.8651 14.38528665933119
S80/T                   
1 22078U 92052C   09117.37541418 -.00000037  00000-0  10000-3 0  6989
2 22078  66.0859  66.6525 0015828 291.2827  68.6492 12.86725149785202
HEALTHSAT 1             
1 22827U 93061E   09118.85806528 -.00000001  00000-0  16021-4 0  2451
2 22827  98.4235  75.7569 0009380  28.3888 331.7808 14.30157183813173
TUBSAT B                
1 22970U 94003B   09118.67466446  .00000051  00000-0  10000-3 0   483
2 22970  82.5646 184.5866 0016611  16.7238 343.4463 13.16913826733463
CERISE                  
1 23606U 95033B   09118.42144596  .00000336  00000-0  46433-4 0  7669
2 23606  98.2360 237.3262 0005264 266.3903  93.6763 14.84837799744489
UPM/LBSAT               
1 23607U 95033C   09117.46734571 -.00000049  00000-0  54974-6 0   915
2 23607  98.1894 202.6699 0007043  64.6220 295.5764 14.74737583741578
FAISAT 2V               
1 24954U 97052B   09118.74178031  .00000039  00000-0  23500-4 0  4943
2 24954  82.9241 352.4386 0038057 270.5618  89.1176 13.79646829583851
MUBLCOM                 
1 25736U 99026B   09117.88384246  .00000121  00000-0  45907-4 0  7193
2 25736  97.7651  53.4229 0004781 203.4325 156.6646 14.44546540523533
RUBIN-3 & SL-8 R/B      
1 27561U 02054C   09118.50908944 -.00000009  00000-0  80470-5 0  6610
2 27561  97.9439 316.5026 0048711  36.8974 323.5551 14.53764718340293
APRIZESAT 2 (LATINSAT D)
1 28366U 04025A   09118.02975080 -.00000046  00000-0 -10297-5 0  3570
2 28366  98.0831 117.8952 0108857 318.8196  40.4824 14.35569530253030
SAUDICOMSAT 1           
1 28369U 04025D   09118.53955123  .00000064  00000-0  26919-4 0  3817
2 28369  98.0221 159.1065 0033717 204.3087 155.6526 14.50632218255750
SAUDICOMSAT 2           
1 28370U 04025E   09118.61515717  .00000124  00000-0  45976-4 0  3876
2 28370  98.0274 144.8402 0058149 237.0012 122.5583 14.45731840254900
APRIZESAT 1 (LATINSAT C)
1 28372U 04025G   09118.62364398  .00000066  00000-0  28897-4 0  3751
2 28372  98.0211 151.5937 0046628 219.8079 139.9706 14.48161566255322
NANOSAT-1               
1 28493U 04049B   09116.39644156 -.00000050  00000-0  19646-6 0  3338
2 28493  98.2579  76.9538 0005808  65.1952 294.9876 14.70300655233559
SAUDICOMSAT 7           
1 31119U 07012C   09118.66283395  .00000385  00000-0  88724-4 0  6228
2 31119  97.9977 182.7406 0063332  53.4323 307.2654 14.59434976108277
SAUDICOMSAT 6           
1 31121U 07012E   09117.70995911  .00000366  00000-0  89075-4 0  6239
2 31121  97.9951 178.1807 0080374  66.9044 294.0586 14.56310513107914
SAUDICOMSAT 5           
1 31124U 07012H   09118.06783551  .00000399  00000-0  89121-4 0  6268
2 31124  98.0015 184.1437 0054783  50.0972 310.4997 14.61016437108302
SAUDICOMSAT 3           
1 31125U 07012J   09118.30781193  .00000410  00000-0  88749-4 0  6311
2 31125  98.0046 186.2253 0045907  45.4746 315.0166 14.62559001108456
SAUDICOMSAT 4           
1 31127U 07012L   09118.18142154  .00000380  00000-0  89803-4 0  6247
2 31127  97.9964 180.5699 0071555  60.1245 300.7001 14.57954554108097
OMID                    
1 33506U 09004A   09114.86154729  .06921312  12321-4  12316-3 0  2702
2 33506  55.4370 280.8401 0011504  12.0650 349.7794 16.46787765 12981
