INTELSAT 602 (IS-602)   
1 20315U 89087A   09117.54014465  .00000038  00000-0  10000-3 0  8792
2 20315   6.7844  66.7844 0001229 333.4208 187.7387  1.00272187 69211
INTELSAT 603 (IS-603)   
1 20523U 90021A   09117.06653063 -.00000151  00000-0  10000-3 0  4549
2 20523   6.2659  68.3568 0001811 325.1549 185.6457  1.00270228 62969
SBS-6                   
1 20872U 90091A   09102.56600966  .00000020  00000-0  10000-3 0   524
2 20872   1.6119  81.8008 0007304 301.1613  59.1485  0.98991655 56132
INTELSAT 605 (IS-605)   
1 21653U 91055A   09118.05764642 -.00000004  00000-0  00000+0 0  7734
2 21653   4.3157  74.0546 0004551 219.4885 140.3788  0.99326927 64803
INTELSAT 601 (IS-601)   
1 21765U 91075A   09118.67441127  .00000124  00000-0  10000-3 0  7645
2 21765   4.3615  72.9157 0000152 257.8979 176.2368  1.00272429 63928
INTELSAT 701 (IS-701)   
1 22871U 93066A   09116.58338535  .00000059  00000-0  10000-3 0  3522
2 22871   0.0001 282.4693 0002920 111.6535 210.6162  1.00272982 56686
INTELSAT 702 (IS-702)   
1 23124U 94034A   09117.59795394  .00000017  00000-0  10000-3 0  2031
2 23124   0.0102 328.0417 0003011  70.8913  92.8092  1.00414050 68611
INTELSAT 2 (IS-2)       
1 23175U 94040A   09117.45811602 -.00000027  00000-0  10000-3 0  4168
2 23175   0.3307  85.4034 0002517 303.8029 160.3897  1.00272138 53520
INTELSAT 704 (IS-704)   
1 23461U 95001A   09117.85294269 -.00000001  00000-0  10000-3 0  9350
2 23461   0.0105 254.7228 0005342 138.0823 196.2195  1.00271774 52394
INTELSAT 705 (IS-705)   
1 23528U 95013A   09114.21265852 -.00000273  00000-0  10000-3 0  8484
2 23528   0.0099 227.5948 0003172 179.0925 192.2496  1.00270944 51537
INTELSAT 706 (IS-706)   
1 23571U 95023A   09113.84097760  .00000095  00000-0  10000-3 0  9158
2 23571   0.0226 251.4219 0003135 148.8221 169.3644  1.00273505 51026
INTELSAT 3R (IS-3R)     
1 23764U 96002A   09116.71675762 -.00000263  00000-0  10000-3 0  6293
2 23764   0.0194 160.7074 0002187 239.2242  29.9338  1.00269355 48675
HGS-3                   
1 23779U 96006A   09117.74088456  .00000155  00000-0  10000-3 0  1907
2 23779   0.0512 120.0117 0002607 276.4753 124.1247  1.00274849 48423
INTELSAT 707 (IS-707)   
1 23816U 96015A   09118.41644096 -.00000286  00000-0  10000-3 0  8400
2 23816   0.0141   5.3880 0003094  39.9138 268.1370  1.00270319 48070
GALAXY 9 (G-9)          
1 23877U 96033A   09118.46091346 -.00000226  00000-0  10000-3 0   738
2 23877   0.6545  81.0946 0001714 325.8050 254.5755  1.00269729 47362
INTELSAT 709 (IS-709)   
1 23915U 96035A   09117.93777815 -.00000184  00000-0  10000-3 0  9299
2 23915   0.0665  73.8345 0003457 337.4640 227.4970  1.00271531 47153
INTELSAT 801 (IS-801)   
1 24742U 97009A   09112.09636718 -.00000216  00000-0  10000-3 0  6077
2 24742   0.5923  84.3434 0005517 308.6268 180.4954  1.00270498 44513
GALAXY 25 (G-25)        
1 24812U 97026A   09115.64126281 -.00000154  00000-0  10000-3 0  9116
2 24812   0.0068 231.8977 0003021 161.3315 318.3008  1.00271143 43678
INTELSAT 802 (IS-802)   
1 24846U 97031A   09118.00803080  .00000156  00000-0  00000+0 0  8026
2 24846   0.0151 291.0021 0011096 134.0230 186.7861  1.00273166 43413
INTELSAT 5 (IS-5)       
1 24916U 97046A   09117.45811662 -.00000028  00000-0  10000-3 0  7611
2 24916   0.0477  79.9408 0002125 352.9211 116.6226  1.00272115 42865
INTELSAT 805 (IS-805)   
1 25371U 98037A   09117.36815934 -.00000282  00000-0  10000-3 0  3511
2 25371   0.0729  79.4729 0002515 329.4770 243.5769  1.00270079 39791
INTELSAT 7 (IS-7)       
1 25473U 98052A   09118.81153363 -.00000029  00000-0  10000-3 0  7741
2 25473   0.0275 141.1400 0002813 247.9423 188.6350  1.00272677 38894
INTELSAT 8 (IS-8)       
1 25522U 98065A   09117.43397594 -.00000054  00000-0  10000-3 0  6302
2 25522   0.0105 270.0441 0002712 113.4731 154.2595  1.00271837 38454
GALAXY 26 (G-26)        
1 25626U 99005A   09115.69447280  .00000119  00000-0  10000-3 0  4710
2 25626   0.0099 279.6814 0002686 137.1948  97.7180  1.00273381 37358
INSAT-2E (APR-1)        
1 25666U 99016A   09116.76943156 -.00000160  00000-0  10000-3 0  3657
2 25666   0.0125 281.6666 0003588 129.1087 164.1222  1.00271169 36983
GALAXY 27 (G-27)        
1 25922U 99052A   09113.34364509  .00000067  00000-0  10000-3 0  4850
2 25922   0.0046 170.8337 0002076 219.0219 176.4008  1.00274022 35079
GALAXY 11 (G-11)        
1 26038U 99071A   09118.00803086  .00000156  00000-0  00000+0 0  6997
2 26038   0.0472  52.2872 0008360 194.8581   4.7682  1.00273930 34349
GALAXY 4R (G-4R)        
1 26298U 00020A   09117.61783705  .00000004  00000-0  10000-3 0  6719
2 26298   2.5609  77.2037 0001041 354.4229 257.0512  0.99827897 33166
INTELSAT 9 (IS-9)       
1 26451U 00043A   09117.43478723 -.00000282  00000-0  10000-3 0  2238
2 26451   0.0112 269.0030 0001538 177.0075 228.0675  1.00270057 32072
INTELSAT 12 (IS-12)     
1 26590U 00068A   09115.72897961  .00000145  00000-0  10000-3 0  2673
2 26590   0.0109  56.1144 0002475 339.3568 125.8243  1.00270861 31127
INTELSAT 1R (IS-1R)     
1 26608U 00072A   09110.02062647 -.00000271  00000-0  10000-3 0   412
2 26608   0.0556  54.7967 0000459 252.8425 223.0384  1.00273408 30914
INTELSAT 10 (IS-10)     
1 26766U 01019A   09117.72539297 -.00000023  00000-0  10000-3 0  3589
2 26766   0.0295 287.6202 0001985 153.0818 104.7640  1.00271086 29166
INTELSAT 901 (IS-901)   
1 26824U 01024A   09114.19358005 -.00000131  00000-0  00000+0 0  4030
2 26824   0.0091 233.1490 0002971 165.1333 225.7642  1.00271559 28870
INTELSAT 902 (IS-902)   
1 26900U 01039A   09117.59822676  .00000035  00000-0  10000-3 0  3876
2 26900   0.0083 192.1808 0002968 205.8010  95.0900  1.00272639 28081
INTELSAT 904 (IS-904)   
1 27380U 02007A   09117.75057623  .00000050  00000-0  10000-3 0  3940
2 27380   0.0079 287.1808 0002815 111.3714 147.5218  1.00272789 26334
INTELSAT 903 (IS-903)   
1 27403U 02016A   09112.12043998 -.00000231  00000-0  10000-3 0  2033
2 27403   0.0521  61.5969 0002945 342.6050 174.9670  1.00270884 25935
INTELSAT 905 (IS-905)   
1 27438U 02027A   09107.19488839 -.00000187  00000-0  00000+0 0   641
2 27438   0.0126 260.1441 0005646  78.2919 272.7086  1.00271008 25200
GALAXY 3C (G-3C)        
1 27445U 02030A   09117.46181418 -.00000148  00000-0  00000+0 0   161
2 27445   0.0405  51.0269 0000716 237.5197 358.2546  1.00271752 25188
INTELSAT 906 (IS-906)   
1 27513U 02041A   09117.76799234  .00000016  00000-0  10000-3 0  1713
2 27513   0.0159 347.5632 0002666  58.7785 150.1701  1.00271933 24361
INTELSAT 907 (IS-907)   
1 27683U 03007A   09110.06471757 -.00000200  00000-0  10000-3 0  7708
2 27683   0.0014 297.8688 0003059  84.9591 181.2577  1.00271061 22647
GALAXY 12 (G-12)        
1 27715U 03013B   09116.59902521  .00000030  00000-0  10000-3 0   920
2 27715   0.0534  59.2506 0001780  22.4591 225.7595  1.00272100 22228
GALAXY 23 (G-23)        
1 27854U 03034A   09118.43279370  .00000011  00000-0  10000-3 0  9682
2 27854   0.0062 353.3149 0002710  35.6102 222.4348  1.00273521 21000
GALAXY 13 (HORIZONS-1)  
1 27954U 03044A   09117.63149097  .00000050  00000-0  10000-3 0  8847
2 27954   0.0017  23.3559 0001384  69.5326 223.1769  1.00271544 20478
INTELSAT 10-02          
1 28358U 04022A   09111.93181419 -.00000003  00000-0  10000-3 0  6931
2 28358   0.0062 177.1871 0000740 168.2635 199.1852  1.00274277 17801
GALAXY 28 (G-28)        
1 28702U 05022A   09117.31407899 -.00000182  00000-0  10000-3 0  6406
2 28702   0.0097 276.2082 0002219 123.8176 199.4669  1.00271423 14128
GALAXY 14 (G-14)        
1 28790U 05030A   09118.31721149  .00000036  00000-0  10000-3 0  7082
2 28790   0.0609  62.0490 0002443 326.2568 177.3018  1.00272437 13556
GALAXY 15 (G-15)        
1 28884U 05041A   09116.58187287  .00000085  00000-0  10000-3 0  6155
2 28884   0.0682  67.9883 0002218 327.2321 255.9549  1.00272701 12969
GALAXY 16 (G-16)        
1 29236U 06023A   09116.41078522 -.00000120  00000-0  10000-3 0  5083
2 29236   0.0527 100.3153 0002668 299.6293 223.4682  1.00271073 10484
GALAXY 17 (G-17)        
1 31307U 07016B   09118.37949116 -.00000176  00000-0  10000-3 0  3596
2 31307   0.0112 327.7617 0003125  70.2704 224.0813  1.00271283  7319
INTELSAT 11 (IS-11)     
1 32253U 07044B   09113.35336794 -.00000260  00000-0  10000-3 0  2248
2 32253   0.0009 272.4019 0002757 124.2324 259.0007  1.00270375  5711
HORIZONS 2              
1 32388U 07063B   09117.48528774 -.00000250  00000-0  00000+0 0  2128
2 32388   0.0010 283.3891 0001699 112.6913 280.1673  1.00270329  5106
GALAXY 18 (G-18)        
1 32951U 08024A   09114.23118595  .00000034  00000-0  10000-3 0  1615
2 32951   0.0069  45.1128 0003181 350.8860 136.6266  1.00273469  3411
