IRIDIUM 33              
1 24946U 97051C   09118.53030496  .00000034  00000-0  51703-5 0  6205
2 24946  86.3827  89.1709 0007329 178.3723 181.7479 14.32474599608477
IRIDIUM 33 DEB          
1 33771U 97051J   09118.07473967  .00003772  00000-0  13257-2 0   568
2 33771  86.4084  89.5665 0017614  89.0454 271.2780 14.34640303 10939
IRIDIUM 33 DEB          
1 33772U 97051K   09117.43974064  .00001367  00000-0  60533-3 0   548
2 33772  86.4335  90.7726 0059863 197.6601 162.2470 14.21495875 10767
IRIDIUM 33 DEB          
1 33773U 97051L   09118.05985170  .00000192  00000-0  60834-4 0   560
2 33773  86.3987  89.4399 0010043 297.6356  62.3823 14.34754545 10911
IRIDIUM 33 DEB          
1 33774U 97051M   09118.44259745  .00003639  00000-0  14566-2 0   621
2 33774  86.4204  89.8896 0029453 170.1439 189.9160 14.27885154 10893
IRIDIUM 33 DEB          
1 33775U 97051N   09118.12503891  .00000264  00000-0  93077-4 0   561
2 33775  86.3636  89.1914 0013907 176.5829 183.5464 14.30917381 10895
IRIDIUM 33 DEB          
1 33776U 97051P   09118.89108216  .00000213  00000-0  73429-4 0   561
2 33776  86.4017  89.3284 0013666 178.1800 181.9441 14.30972006 11007
IRIDIUM 33 DEB          
1 33777U 97051Q   09118.28245260  .00000305  00000-0  10115-3 0   548
2 33777  86.3834  89.1731 0012480  77.8958 282.3634 14.34515062 10919
IRIDIUM 33 DEB          
1 33778U 97051R   09118.65920540  .00008324  00000-0  32904-2 0   875
2 33778  86.3512  88.7998 0057777 127.2749 233.3713 14.27970056 10856
IRIDIUM 33 DEB          
1 33849U 97051S   09118.34009720  .00001549  00000-0  81634-3 0   505
2 33849  86.1303  87.4171 0115501 207.8459 151.6511 14.09999370 10525
IRIDIUM 33 DEB          
1 33850U 97051T   09118.01885810  .00000237  00000-0  81588-4 0   549
2 33850  86.3414  88.9374 0011032 198.3397 161.7399 14.31596363 10528
IRIDIUM 33 DEB          
1 33851U 97051U   09118.65710545  .00002111  00000-0  54260-3 0   563
2 33851  86.4043  88.5222 0065934 357.8318   2.2602 14.48464867 10786
IRIDIUM 33 DEB          
1 33852U 97051V   09118.10277714  .00007574  00000-0  22716-2 0   568
2 33852  86.2001  86.6695 0073234  70.6203 290.2882 14.41101203 10589
IRIDIUM 33 DEB          
1 33853U 97051W   09118.37676994  .00000371  00000-0  25534-3 0   606
2 33853  86.0046  87.3192 0236763 216.4404 142.0443 13.84411303 10205
IRIDIUM 33 DEB          
1 33854U 97051X   09118.07465869  .00000758  00000-0  23476-3 0   524
2 33854  86.2353  87.1712 0026879 353.0225   7.0596 14.39769447 10574
IRIDIUM 33 DEB          
1 33855U 97051Y   09118.45134128  .00013412  00000-0  98423-2 0   667
2 33855  86.4047  91.7553 0208762 194.0741 166.0387 13.85823432 10287
IRIDIUM 33 DEB          
1 33856U 97051Z   09118.42054822 -.00001075  00000-0 -33604-3 0   572
2 33856  86.3356  88.4177 0045553 356.8391   3.1934 14.41159122 10629
IRIDIUM 33 DEB          
1 33857U 97051AA  09118.90526897  .00005416  00000-0  21037-2 0   579
2 33857  86.4736  90.3500 0068771 120.3710 240.4285 14.28433915 10592
IRIDIUM 33 DEB          
1 33858U 97051AB  09117.98003061  .00001627  00000-0  53810-3 0   553
2 33858  86.1572  86.4658 0062127 284.1927  75.2367 14.36336217 10496
IRIDIUM 33 DEB          
1 33859U 97051AC  09117.92418582  .00000575  00000-0  23282-3 0   546
2 33859  86.3460  89.3235 0041786 174.8152 185.3466 14.25531596 10411
IRIDIUM 33 DEB          
1 33860U 97051AD  09117.88634632  .00000491  00000-0  16422-3 0   555
2 33860  86.3916  89.3938 0013806 300.4612  59.5214 14.35420232 10833
IRIDIUM 33 DEB          
1 33861U 97051AE  09117.99969846  .00009621  00000-0  20968-2 0   335
2 33861  86.4401  88.9025 0096321   6.7304 353.5047 14.54938382 11016
IRIDIUM 33 DEB          
1 33862U 97051AF  09118.87870058  .00000530  00000-0  16938-3 0   568
2 33862  86.4141  89.2110 0068352  80.5518 280.3399 14.36423305 11041
IRIDIUM 33 DEB          
1 33863U 97051AG  09118.38700564  .00051272  00000-0  17324-1 0   959
2 33863  86.4749  90.2857 0087000  81.1298 280.0188 14.34456180 10888
IRIDIUM 33 DEB          
1 33864U 97051AH  09118.07816361  .00000959  00000-0  34225-3 0   541
2 33864  86.2815  88.0948 0007657 126.8793 233.3101 14.33157255 10813
IRIDIUM 33 DEB          
1 33865U 97051AJ  09118.33651712  .00001088  00000-0  39906-3 0   521
2 33865  86.3597  89.0298 0061210 260.7326  98.6926 14.30941130 10835
IRIDIUM 33 DEB          
1 33866U 97051AK  09118.89301271  .00000220  00000-0  11363-3 0   530
2 33866  86.2907  89.2705 0127797 191.1383 168.6939 14.06288743 10792
IRIDIUM 33 DEB          
1 33867U 97051AL  09117.64791103  .00000802  00000-0  24001-3 0   551
2 33867  86.4195  89.5396 0038714  34.5889 325.7816 14.41267103 10846
IRIDIUM 33 DEB          
1 33868U 97051AM  09118.43640128  .00002402  00000-0  76121-3 0   547
2 33868  86.3464  88.3984 0024816   7.7370 352.4709 14.39550222 10910
IRIDIUM 33 DEB          
1 33869U 97051AN  09118.39121239  .00001563  00000-0  79258-3 0   541
2 33869  86.3744  90.1399 0097724 187.2699 172.7106 14.12968911 10732
IRIDIUM 33 DEB          
1 33870U 97051AP  09118.85756441  .00000311  00000-0  11511-3 0   563
2 33870  86.3772  89.1553 0023866 193.6624 166.3926 14.29007376 10927
IRIDIUM 33 DEB          
1 33871U 97051AQ  09118.37863888  .00043016  00000-0  19115-1 0  1178
2 33871  86.4062  90.6786 0197244 158.7542 202.3176 14.12890602 10729
IRIDIUM 33 DEB          
1 33872U 97051AR  09118.06527663  .00001551  00000-0  48468-3 0   535
2 33872  86.3350  88.3779 0027137   2.9302 357.2073 14.39989677 10863
IRIDIUM 33 DEB          
1 33873U 97051AS  09118.02562727  .00000276  00000-0  89192-4 0   557
2 33873  86.3765  89.1778 0018826 301.8044  58.1263 14.35450737 10854
IRIDIUM 33 DEB          
1 33874U 97051AT  09117.92342117  .00000600  00000-0  29508-3 0   538
2 33874  86.2905  89.2867 0095024 196.9849 162.8137 14.13718808 10676
IRIDIUM 33 DEB          
1 33875U 97051AU  09118.87990251  .00000751  00000-0  20401-3 0   543
2 33875  86.4151  88.6309 0051061  16.1707 344.1098 14.45493257 11052
IRIDIUM 33 DEB          
1 33876U 97051AV  09118.42963562  .00001494  00000-0  54564-3 0   520
2 33876  86.2153  87.2161 0045000 261.3533  98.2519 14.31848355 10884
IRIDIUM 33 DEB          
1 33877U 97051AW  09118.68028200 -.00002823  00000-0 -13357-2 0   589
2 33877  86.1826  87.3585 0084886 165.9149 194.4221 14.18246313 10777
IRIDIUM 33 DEB          
1 33878U 97051AX  09118.08826946  .00001075  00000-0  57005-3 0   526
2 33878  86.3395  89.9683 0114844 193.4512 166.3568 14.09416558 10666
IRIDIUM 33 DEB          
1 33879U 97051AY  09118.32647395  .00001532  00000-0  53039-3 0   513
2 33879  86.3641  88.8779 0008041 309.5464  50.5064 14.35078935 10894
IRIDIUM 33 DEB          
1 33880U 97051AZ  09118.43805441  .00020739  00000-0  78402-2 0   649
2 33880  86.4436  89.9890 0024277 141.0369 219.2573 14.30972872 10872
IRIDIUM 33 DEB          
1 33881U 97051BA  09117.97555998  .00000489  00000-0  24622-3 0   542
2 33881  86.3867  90.5055 0108008 209.4739 150.0317 14.11396082 10641
IRIDIUM 33 DEB          
1 33882U 97051BB  09118.34439962  .00001269  00000-0  35015-3 0   542
2 33882  86.3124  87.7708 0085108  56.8006 304.1324 14.43887254 10963
IRIDIUM 33 DEB          
1 33883U 97051BC  09118.32929874 -.00004158  00000-0 -13443-2 0   561
2 33883  86.1842  86.4990 0080751 289.3087  69.9039 14.37571448 10922
IRIDIUM 33 DEB          
1 33884U 97051BD  09118.10817982  .00000489  00000-0  16416-3 0   558
2 33884  86.3820  89.1754 0006112  25.5173 334.6306 14.35187608 10865
IRIDIUM 33 DEB          
1 33885U 97051BE  09117.91508391 -.00001039  00000-0 -38095-3 0   357
2 33885  86.3937  89.4838 0017891 100.5570 259.7535 14.33757990 10790
IRIDIUM 33 DEB          
1 33886U 97051BF  09118.86334966  .00000102  00000-0  31142-4 0   577
2 33886  86.3791  89.0458 0013102 207.9658 152.0836 14.31480484 10915
IRIDIUM 33 DEB          
1 33887U 97051BG  09118.40582009  .00000100  00000-0  29219-4 0   526
2 33887  86.3005  88.1697 0004775 247.5233 112.5459 14.33496069 10868
IRIDIUM 33 DEB          
1 33888U 97051BH  09117.92592463  .00000511  00000-0  22556-3 0   531
2 33888  86.3229  89.3148 0064923 184.7031 175.3552 14.20232693 10699
IRIDIUM 33 DEB          
1 33949U 97051BJ  09118.12409420  .00005444  00000-0  21500-2 0   539
2 33949  86.4099  89.8254 0029846 159.5994 200.6409 14.28644658 10597
IRIDIUM 33 DEB          
1 33950U 97051BK  09117.92596485  .00000832  00000-0  31773-3 0   558
2 33950  86.3866  89.6124 0022820 170.5216 189.6378 14.29446515 10795
IRIDIUM 33 DEB          
1 33951U 97051BL  09117.97782066  .00001199  00000-0  48031-3 0   514
2 33951  86.4531  90.5166 0033369 196.9607 163.0456 14.27217593 10747
IRIDIUM 33 DEB          
1 33952U 97051BM  09118.34269461  .00000861  00000-0  30468-3 0   549
2 33952  86.3583  88.9019 0018133 263.4579  96.4556 14.33424308 10888
IRIDIUM 33 DEB          
1 33953U 97051BN  09118.86369745  .00000411  00000-0  15094-3 0   564
2 33953  86.3920  89.2662 0023199 222.3437 137.5967 14.30198878 10933
IRIDIUM 33 DEB          
1 33954U 97051BP  09118.09600594  .00000796  00000-0  32188-3 0   547
2 33954  86.3932  89.7722 0036619 178.0264 182.1056 14.26261220 10791
IRIDIUM 33 DEB          
1 33955U 97051BQ  09118.84433761  .00001347  00000-0  60806-3 0   531
2 33955  86.3827  89.6625 0066774 172.6674 187.5504 14.20251089 10856
IRIDIUM 33 DEB          
1 33956U 97051BR  09118.41408766  .00001590  00000-0  67247-3 0   538
2 33956  86.4372  90.2568 0049721 208.8781 150.9785 14.24285697 10795
IRIDIUM 33 DEB          
1 33957U 97051BS  09118.13532546  .00004683  00000-0  23914-2 0   530
2 33957  86.3792  90.2788 0104647 172.1802 188.1112 14.12653646 10664
IRIDIUM 33 DEB          
1 33958U 97051BT  09118.84728706  .00002946  00000-0  10110-2 0   549
2 33958  86.3530  88.5308 0067095  90.2914 270.5979 14.34567500 10936
IRIDIUM 33 DEB          
1 33959U 97051BU  09118.45372707  .00000349  00000-0  16965-3 0   532
2 33959  86.3605  89.9252 0094488 179.9455 180.0754 14.13096329 10719
IRIDIUM 33 DEB          
1 33960U 97051BV  09117.92975576  .00000656  00000-0  22531-3 0   535
2 33960  86.2738  87.9867 0010375  77.8770 282.3578 14.34616157 10806
IRIDIUM 33 DEB          
1 33961U 97051BW  09117.91004086  .00001275  00000-0  48478-3 0   552
2 33961  86.2818  88.3478 0042577 248.6796 110.9838 14.29766066 10796
IRIDIUM 33 DEB          
1 33962U 97051BX  09118.38030233  .00001469  00000-0  54602-3 0   526
2 33962  86.3603  89.0018 0015559 222.8785 137.1225 14.31449288 10844
IRIDIUM 33 DEB          
1 33963U 97051BY  09118.34927119  .00003683  00000-0  34899-2 0   751
2 33963  85.6214  84.2377 0283073 204.1858 154.3018 13.64380595 10269
IRIDIUM 33 DEB          
1 33964U 97051BZ  09118.35441887  .00001455  00000-0  49044-3 0   547
2 33964  86.3458  88.6214 0042476  81.2965 279.3044 14.35863606 10871
IRIDIUM 33 DEB          
1 33965U 97051CA  09118.36793230  .00000623  00000-0  22079-3 0   535
2 33965  86.3771  89.1353 0006744 229.0187 131.0437 14.32936848 10782
IRIDIUM 33 DEB          
1 33966U 97051CB  09118.85705201  .00000262  00000-0  84176-4 0   559
2 33966  86.3923  88.9876 0011190  50.1153 310.1022 14.35504060 10764
IRIDIUM 33 DEB          
1 33967U 97051CC  09118.82468675  .00002043  00000-0  74819-3 0   559
2 33967  86.3931  89.1890 0024843 254.0195 105.8260 14.32286069 10848
IRIDIUM 33 DEB          
1 33968U 97051CD  09118.50554195  .00011796  00000-0  41642-2 0   707
2 33968  86.4315  89.5538 0055411 109.3752 251.3637 14.33756945 10554
IRIDIUM 33 DEB          
1 34071U 97051CE  09118.88587037  .00000316  00000-0  10685-3 0   525
2 34071  86.3469  88.4982 0006128 256.5874 103.4637 14.33671216 10791
IRIDIUM 33 DEB          
1 34072U 97051CF  09118.37758012  .00032822  00000-0  94165-2 0  1031
2 34072  86.3310  88.0330 0090502  72.2763 288.8691 14.42355640 10102
IRIDIUM 33 DEB          
1 34073U 97051CG  09118.31631795  .00001735  00000-0  64718-3 0   528
2 34073  86.4047  89.5793 0016178 155.4443 204.7522 14.31363625 10252
IRIDIUM 33 DEB          
1 34074U 97051CH  09118.10983939  .00002546  00000-0  10480-2 0   545
2 34074  86.3151  88.8181 0038856 181.4425 178.6652 14.26157727 10045
IRIDIUM 33 DEB          
1 34075U 97051CJ  09118.43262422  .00002138  00000-0  88656-3 0   525
2 34075  86.4810  90.7464 0055615 229.1774 130.4615 14.25291266 10595
IRIDIUM 33 DEB          
1 34076U 97051CK  09117.85584482  .00000839  00000-0  24448-3 0   541
2 34076  86.3374  88.3705 0039441 354.2595   5.8144 14.42604280 10260
IRIDIUM 33 DEB          
1 34077U 97051CL  09118.88138695  .00000686  00000-0  26482-3 0   525
2 34077  86.3953  89.3705 0025078 181.4475 178.6633 14.28595579 10168
IRIDIUM 33 DEB          
1 34078U 97051CM  09118.10585640  .00002495  00000-0  13091-2 0   506
2 34078  86.4002  90.6133 0115988 178.9758 181.1675 14.10432227  9906
IRIDIUM 33 DEB          
1 34079U 97051CN  09118.82301060  .00000763  00000-0  25478-3 0   541
2 34079  86.3928  88.9795 0014216  48.0948 312.1465 14.36158607 11010
IRIDIUM 33 DEB          
1 34080U 97051CP  09118.43128510  .00036624  00000-0  99278-2 0  1204
2 34080  86.3789  88.5732 0112199  75.0288 286.3796 14.43767433 11009
IRIDIUM 33 DEB          
1 34081U 97051CQ  09117.97900098  .00001185  00000-0  35352-3 0   535
2 34081  86.3225  88.2511 0080655  70.5018 290.4868 14.40299632 10923
IRIDIUM 33 DEB          
1 34082U 97051CR  09118.41566458  .00002795  00000-0  15550-2 0   573
2 34082  86.4224  91.4735 0243912 243.3973 114.2154 13.96857020 10657
IRIDIUM 33 DEB          
1 34083U 97051CS  09117.85643676  .00013917  00000-0  23153-2 0   564
2 34083  86.5588  89.9269 0129530 353.9948   5.9692 14.64523109 11013
IRIDIUM 33 DEB          
1 34084U 97051CT  09117.61006619  .00007194  00000-0  84070-3 0   532
2 34084  86.2765  86.0023 0179082 352.6891   7.1689 14.74050140 11059
IRIDIUM 33 DEB          
1 34085U 97051CU  09118.47555179  .00073844  00000-0  11156-1 0   817
2 34085  86.2097  85.7133 0189351  52.3030 309.5317 14.62502180 11066
IRIDIUM 33 DEB          
1 34086U 97051CV  09117.43398442  .00000834  00000-0  35010-3 0   503
2 34086  86.3901  90.1292 0045740 183.6236 176.4631 14.24190088 10659
IRIDIUM 33 DEB          
1 34087U 97051CW  09118.62011165  .00005901  00000-0  26679-2 0   522
2 34087  86.3035  88.7309 0061591 192.4791 167.4825 14.20901009 10728
IRIDIUM 33 DEB          
1 34088U 97051CX  09118.42498346  .00000615  00000-0  22272-3 0   535
2 34088  86.4029  89.4804 0010856 223.5406 136.4953 14.31866952 10781
IRIDIUM 33 DEB          
1 34089U 97051CY  09117.61954733  .00047853  00000-0  20685-1 0   532
2 34089  86.2930  89.1437 0076322 172.9747 187.2473 14.22532673 10584
IRIDIUM 33 DEB          
1 34090U 97051CZ  09118.43244518  .00000856  00000-0  25949-3 0   529
2 34090  86.4313  89.3391 0032993  18.0244 342.2144 14.40879189 10856
IRIDIUM 33 DEB          
1 34091U 97051DA  09117.59426558  .00000694  00000-0  33124-3 0   526
2 34091  86.3722  90.2757 0086424 206.8615 152.8093 14.15871112 10548
IRIDIUM 33 DEB          
1 34092U 97051DB  09118.64525555  .00531428  00000-0  48060-1 0  1158
2 34092  86.3395  87.7047 0254355  71.8601 291.0486 14.71949631 11012
IRIDIUM 33 DEB          
1 34093U 97051DC  09117.89788683  .00001192  00000-0  32442-3 0   549
2 34093  86.3084  87.8418 0054795  11.7656 348.4807 14.45768816 10816
IRIDIUM 33 DEB          
1 34094U 97051DD  09118.44020103  .00005927  00000-0  17748-2 0   550
2 34094  86.4350  89.2928 0032055 355.4600   4.6351 14.42424367 10865
IRIDIUM 33 DEB          
1 34095U 97051DE  09118.43424342  .00001487  00000-0  63216-3 0   518
2 34095  86.3894  89.7115 0051259 211.2804 148.5333 14.23929277 10725
IRIDIUM 33 DEB          
1 34096U 97051DF  09118.90310537  .00132510  00000-0  19999-1 0  1072
2 34096  86.3638  87.2526 0149350  35.6477 325.3681 14.66351068 11079
IRIDIUM 33 DEB          
1 34097U 97051DG  09118.05942114  .00000360  00000-0  17961-3 0   515
2 34097  86.2018  88.3162 0106781 199.9789 159.7180 14.11172541 10710
IRIDIUM 33 DEB          
1 34098U 97051DH  09118.82352238  .00001389  00000-0  46724-3 0   525
2 34098  86.1513  86.0095 0031829 290.1497  69.6268 14.36202814 10945
IRIDIUM 33 DEB          
1 34099U 97051DJ  09118.60862399  .00001227  00000-0  46939-3 0   525
2 34099  86.3754  89.1842 0020542 178.1714 181.9575 14.29798708 10758
IRIDIUM 33 DEB          
1 34100U 97051DK  09118.31527863  .00003550  00000-0  14943-2 0   519
2 34100  86.2327  87.8557 0048966 217.0070 142.7761 14.24882192 10648
IRIDIUM 33 DEB          
1 34101U 97051DL  09117.91769056  .00002004  00000-0  11438-2 0   505
2 34101  86.4082  91.1852 0155304 219.6821 139.2928 14.03360074 10353
IRIDIUM 33 DEB          
1 34102U 97051DM  09117.62893178  .00000973  00000-0  57850-3 0   576
2 34102  86.3990  91.2991 0154191 200.1565 159.3534 14.00741002 10299
IRIDIUM 33 DEB          
1 34103U 97051DN  09118.14151869  .00001052  00000-0  41449-3 0   508
2 34103  86.3581  89.2475 0027805 188.5201 171.5545 14.28032034 10710
IRIDIUM 33 DEB          
1 34104U 97051DP  09117.65524081  .00001233  00000-0  40734-3 0   512
2 34104  86.3500  88.8807 0018776 327.5314  32.4721 14.37204760 10643
IRIDIUM 33 DEB          
1 34105U 97051DQ  09118.09199437  .00001414  00000-0  53520-3 0   513
2 34105  86.3706  89.2863 0029065 134.6481 225.7070 14.30301086 10538
IRIDIUM 33 DEB          
1 34106U 97051DR  09118.43559576  .00000721  00000-0  24269-3 0   525
2 34106  86.3654  88.8436 0021124  57.8969 302.4271 14.35601382 10675
IRIDIUM 33 DEB          
1 34107U 97051DS  09118.79896349  .00000192  00000-0  59745-4 0   527
2 34107  86.3875  88.8649 0023108  90.9742 269.4097 14.35306391 10724
IRIDIUM 33 DEB          
1 34108U 97051DT  09117.61994833  .00047038  00000-0  25222-1 0   626
2 34108  86.3652  90.8337 0124228 180.3579 179.7530 14.08854318 10331
IRIDIUM 33 DEB          
1 34109U 97051DU  09118.83211838  .00006320  00000-0  23788-2 0   343
2 34109  86.3501  88.7001 0023831 130.8807 229.4444 14.31198222 10485
IRIDIUM 33 DEB          
1 34110U 97051DV  09118.36013467  .00002532  00000-0  87170-3 0   876
2 34110  86.4089  89.4171 0058395  89.0005 271.8244 14.34667298 10579
IRIDIUM 33 DEB          
1 34143U 97051DW  09117.88832755  .00001092  00000-0  40352-3 0   496
2 34143  86.4003  89.7101 0016010 225.7611 134.2255 14.31481282 10115
IRIDIUM 33 DEB          
1 34144U 97051DX  09118.06043491  .00002279  00000-0  52152-3 0   465
2 34144  86.3394  87.8091 0103472  34.4247 326.3613 14.51943115 10071
IRIDIUM 33 DEB          
1 34145U 97051DY  09117.97264025  .00000246  00000-0  10304-3 0   367
2 34145  86.2144  88.0367 0068739 213.1396 146.5438 14.20652801  9980
IRIDIUM 33 DEB          
1 34146U 97051DZ  09118.37467373  .00000390  00000-0  14631-3 0   484
2 34146  86.2875  88.2753 0031327 225.1682 134.6968 14.28873891 10066
IRIDIUM 33 DEB          
1 34147U 97051EA  09117.96770946  .00002086  00000-0  99051-3 0   474
2 34147  86.4758  91.3012 0090995 219.2361 140.2208 14.16924423 10746
IRIDIUM 33 DEB          
1 34148U 97051EB  09118.41598983  .00000237  00000-0  83159-4 0   485
2 34148  86.4110  89.6771 0017371 155.8501 204.3499 14.30734037 10963
IRIDIUM 33 DEB          
1 34149U 97051EC  09117.88804385  .00007931  00000-0  34324-2 0   343
2 34149  86.3134  89.1508 0025472 266.5736  93.2566 14.24041051 10648
IRIDIUM 33 DEB          
1 34150U 97051ED  09117.38810684  .00001673  00000-0  77478-3 0   434
2 34150  86.5086  91.8164 0083103 221.8694 137.6196 14.18452650 10677
IRIDIUM 33 DEB          
1 34151U 97051EE  09118.90641440  .00034571  00000-0  12653-1 0   734
2 34151  86.4154  90.4515 0280213 133.0095 229.5088 14.13183395 10839
IRIDIUM 33 DEB          
1 34152U 97051EF  09117.69081691  .00002451  00000-0  57102-3 0   491
2 34152  86.3000  87.4978 0103901  39.5967 321.2770 14.51125012 10892
IRIDIUM 33 DEB          
1 34153U 97051EG  09117.65016512  .00001825  00000-0  45869-3 0   422
2 34153  86.3056  87.7578 0096522  48.8034 312.1439 14.47903752 10724
IRIDIUM 33 DEB          
1 34154U 97051EH  09118.13211128  .75356544  00000-0  64551+0 0  1022
2 34154  86.3986  91.5094 0154613 119.8557 242.1605 15.47759608 10343
IRIDIUM 33 DEB          
1 34155U 97051EJ  09117.99538777  .00000942  00000-0  38756-3 0   474
2 34155  86.4889  91.0067 0041212 200.9753 158.9749 14.25506617 10328
IRIDIUM 33 DEB          
1 34156U 97051EK  09117.86719279  .00001184  00000-0  47834-3 0   464
2 34156  86.3169  88.9575 0038519 173.0882 187.0850 14.26680364 10236
IRIDIUM 33 DEB          
1 34157U 97051EL  09118.64258798  .00001747  00000-0  64589-3 0   524
2 34157  86.3859  89.2171 0014857 145.2244 214.9843 14.31813892 10592
IRIDIUM 33 DEB          
1 34158U 97051EM  09118.38855109  .00004520  00000-0  19754-2 0   317
2 34158  86.4088  90.0839 0070915 146.9948 213.5841 14.22291993 10354
IRIDIUM 33 DEB          
1 34159U 97051EN  09118.42947951  .00000180  00000-0  63216-4 0   503
2 34159  86.3487  88.9840 0030593 226.9679 132.8941 14.29142021 10339
IRIDIUM 33 DEB          
1 34160U 97051EP  09118.43004010  .00001745  00000-0  76006-3 0   504
2 34160  86.4179  90.1325 0052491 192.2863 167.7006 14.22732655 10288
IRIDIUM 33 DEB          
1 34161U 97051EQ  09118.70800343  .00462814  00000-0  30582-1 0   840
2 34161  86.1563  86.9920 0306329  64.4111 297.5207 14.74862262 10454
IRIDIUM 33 DEB          
1 34162U 97051ER  09118.39500464  .00007024  00000-0  25393-2 0   525
2 34162  86.4228  89.7209 0044568 104.3434 256.2788 14.32843044 10001
IRIDIUM 33 DEB          
1 34350U 97051ES  09118.00206587  .00000188  00000-0  58164-4 0   473
2 34350  86.3270  88.5347 0022237 297.2051  62.6869 14.35843010  9522
IRIDIUM 33 DEB          
1 34351U 97051ET  09117.97222117  .00000821  00000-0  27721-3 0   430
2 34351  86.4305  89.8345 0050275 279.1742  80.3737 14.35138460  9992
IRIDIUM 33 DEB          
1 34352U 97051EU  09118.67618257  .00005238  00000-0  20124-2 0   473
2 34352  86.3953  89.3470 0023339 165.1520 195.0275 14.30133388  9589
IRIDIUM 33 DEB          
1 34353U 97051EV  09118.68002358  .00003779  00000-0  15255-2 0   459
2 34353  86.3118  88.5175 0032250 179.0159 181.1043 14.27418631 10337
IRIDIUM 33 DEB          
1 34354U 97051EW  09117.93770267  .00001430  00000-0  55327-3 0   411
2 34354  86.2337  87.8409 0072617 119.8627 240.9763 14.27957918 10109
IRIDIUM 33 DEB          
1 34355U 97051EX  09118.36261398  .00024632  00000-0  80040-2 0   799
2 34355  86.3343  88.4200 0073971 104.8864 256.1169 14.37136743  9928
IRIDIUM 33 DEB          
1 34356U 97051EY  09117.91020632  .00001761  00000-0  69285-3 0   487
2 34356  86.3884  89.6951 0027384 168.1788 192.0037 14.28504083  9478
IRIDIUM 33 DEB          
1 34357U 97051EZ  09118.41607327  .00005415  00000-0  26754-2 0   478
2 34357  86.4149  90.4876 0087408 185.4274 174.6043 14.15250105  9444
IRIDIUM 33 DEB          
1 34358U 97051FA  09118.35608992  .00001152  00000-0  43351-3 0   401
2 34358  86.3346  88.7493 0019519 152.2401 208.0297 14.30562506 10184
IRIDIUM 33 DEB          
1 34359U 97051FB  09117.39180882  .00001115  00000-0  38343-3 0   413
2 34359  86.3702  89.3973 0056273  94.8080 265.9572 14.34268427  9773
IRIDIUM 33 DEB          
1 34360U 97051FC  09117.88126777  .00001756  00000-0  61869-3 0   445
2 34360  86.3613  89.0717 0007836 280.6345  79.3894 14.34292691  9706
IRIDIUM 33 DEB          
1 34361U 97051FD  09117.90006701  .00001826  00000-0  78664-3 0   431
2 34361  86.3869  89.9252 0048828 191.2768 168.7299 14.23426395  9570
IRIDIUM 33 DEB          
1 34362U 97051FE  09117.98454583  .00003369  00000-0  12987-2 0   513
2 34362  86.3887  89.6139 0028177 150.8384 209.4430 14.29809198  9798
IRIDIUM 33 DEB          
1 34363U 97051FF  09118.40654485  .00001763  00000-0  79717-3 0   437
2 34363  86.3620  89.5849 0061582 195.7509 164.1763 14.20542193  9656
IRIDIUM 33 DEB          
1 34364U 97051FG  09118.61157559  .00001741  00000-0  66870-3 0   444
2 34364  86.3774  89.2032 0021874 164.4512 195.7256 14.29795910 10256
IRIDIUM 33 DEB          
1 34365U 97051FH  09117.89841470  .00006039  00000-0  23719-2 0   467
2 34365  86.2978  88.5743 0024257 191.1916 168.8701 14.29023646 10140
IRIDIUM 33 DEB          
1 34366U 97051FJ  09117.91776078  .00000369  00000-0  13963-3 0   430
2 34366  86.3756  89.5586 0034565 226.9703 132.8573 14.28250702 10182
IRIDIUM 33 DEB          
1 34367U 97051FK  09118.43158819  .00001665  00000-0  69252-3 0   450
2 34367  86.4297  90.1471 0044060 206.9268 152.9634 14.25304769 10169
IRIDIUM 33 DEB          
1 34368U 97051FL  09117.63294824  .00001397  00000-0  71115-3 0   430
2 34368  86.3997  90.7424 0099920 193.1349 166.7228 14.12585195  9757
IRIDIUM 33 DEB          
1 34369U 97051FM  09117.67015717  .00007828  00000-0  31153-2 0   338
2 34369  86.3593  89.4037 0038155 146.8528 213.5033 14.28132768  9602
IRIDIUM 33 DEB          
1 34370U 97051FN  09118.64638723  .00013661  00000-0  51767-2 0   319
2 34370  86.3591  88.8672 0021741  99.7192 260.6440 14.30913991 10049
IRIDIUM 33 DEB          
1 34371U 97051FP  09118.37811241  .00042504  00000-0  94843-2 0   846
2 34371  86.3426  87.6356 0098068  33.2736 327.4837 14.53640054  9891
IRIDIUM 33 DEB          
1 34372U 97051FQ  09117.88430943  .00003217  00000-0  85019-3 0   448
2 34372  86.4830  89.8922 0061258  10.7635 349.4815 14.47492063 10962
IRIDIUM 33 DEB          
1 34373U 97051FR  09117.87951592  .00002689  00000-0  10261-2 0   488
2 34373  86.3923  89.6739 0017204 179.0051 181.1172 14.30398326  9629
IRIDIUM 33 DEB          
1 34374U 97051FS  09117.90061503  .00001935  00000-0  79618-3 0   381
2 34374  86.4907  91.0499 0038882 172.5228 187.6551 14.26059390 10592
IRIDIUM 33 DEB          
1 34375U 97051FT  09117.68286885  .00000338  00000-0  17045-3 0   381
2 34375  86.4320  91.1873 0110751 194.1227 165.6823 14.10252117 10452
IRIDIUM 33 DEB          
1 34376U 97051FU  09117.97425862  .00000688  00000-0  28550-3 0   419
2 34376  86.3156  89.0075 0044814 200.2311 159.7121 14.24575074 10593
IRIDIUM 33 DEB          
1 34377U 97051FV  09118.42769096  .00038408  00000-0  86530-2 0   671
2 34377  86.3776  88.1750 0120983  55.1866 306.0846 14.51723047 10569
IRIDIUM 33 DEB          
1 34378U 97051FW  09118.64867662  .00002015  00000-0  10164-2 0   433
2 34378  86.3722  89.9679 0096335 185.6205 174.3913 14.13459620 10044
IRIDIUM 33 DEB          
1 34379U 97051FX  09118.33936411  .00007037  00000-0  22592-2 0   278
2 34379  86.2398  87.1936 0070645  81.1599 279.7651 14.37886060 10172
IRIDIUM 33 DEB          
1 34483U 97051FY  09118.35955748  .00006807  00000-0  17268-2 0   278
2 34483  86.1780  86.0788 0137590  67.1590 294.4235 14.45094633 10272
IRIDIUM 33 DEB          
1 34484U 97051FZ  09117.06813576  .00012267  00000-0  12226-2 0   487
2 34484  86.2902  86.2200 0194986 351.2321   8.5395 14.78278061 10256
IRIDIUM 33 DEB          
1 34485U 97051GA  09118.33944200  .00003641  00000-0  60579-3 0   333
2 34485  86.2840  86.4077 0151374  22.9177 337.8790 14.62415360  9238
IRIDIUM 33 DEB          
1 34486U 97051GB  09118.29226210  .00000558  00000-0  17677-3 0   428
2 34486  86.4131  89.3412 0023154 328.2645  31.7157 14.38270224  9930
IRIDIUM 33 DEB          
1 34487U 97051GC  09118.33182082  .00000161  00000-0  47107-4 0   389
2 34487  86.3442  88.4967 0031707 301.8162  57.9931 14.37496924  9031
IRIDIUM 33 DEB          
1 34488U 97051GD  09117.98615930  .00000539  00000-0  16376-3 0   408
2 34488  86.3486  88.5741 0031214 336.1893  23.7828 14.40109758 10292
IRIDIUM 33 DEB          
1 34489U 97051GE  09118.36045514  .00001180  00000-0  61395-3 0   399
2 34489  86.4267  90.8382 0107575 189.3091 170.6143 14.10903410  9485
IRIDIUM 33 DEB          
1 34490U 97051GF  09117.61605991  .00001607  00000-0  65899-3 0   251
2 34490  86.3407  89.3593 0040250 208.5874 151.3094 14.26103716  9702
IRIDIUM 33 DEB          
1 34491U 97051GG  09117.20078592  .00002651  00000-0  13530-2 0   308
2 34491  86.4133  91.0833 0100918 177.2114 182.9710 14.12724676  8909
IRIDIUM 33 DEB          
1 34492U 97051GH  09118.33786394  .00001169  00000-0  94007-3 0   346
2 34492  86.5216  93.8997 0313213 224.0964 133.4960 13.69459845  9680
IRIDIUM 33 DEB          
1 34493U 97051GJ  09117.88423006  .00001189  00000-0  45468-3 0   387
2 34493  86.2798  88.4428 0090453 116.3421 244.7043 14.27630074  8958
IRIDIUM 33 DEB          
1 34494U 97051GK  09117.38360533  .00007333  00000-0  31216-2 0   447
2 34494  86.1844  87.8795 0138304 128.2637 233.1479 14.20038276  9909
IRIDIUM 33 DEB          
1 34495U 97051GL  09118.43142848  .00002748  00000-0  48485-3 0   411
2 34495  86.4873  88.9522 0127073 355.1908   4.8050 14.61928519 10417
IRIDIUM 33 DEB          
1 34496U 97051GM  09115.39974516  .00018481  00000-0  11083-1 0   232
2 34496  86.4679  92.5857 0136537 221.5972 139.5308 14.02298322  9075
IRIDIUM 33 DEB          
1 34497U 97051GN  09118.34811691  .00000178  00000-0  79225-4 0   469
2 34497  86.2825  88.9135 0093336 208.8424 150.7603 14.14988093  8801
IRIDIUM 33 DEB          
1 34498U 97051GP  09110.70248736  .00516263  00000-0  33988+0 0   161
2 34498  86.4416  94.9722 0215456 236.4213 191.2367 13.88625001  8254
IRIDIUM 33 DEB          
1 34499U 97051GQ  09118.37652682  .00001627  00000-0  38785-3 0   394
2 34499  86.3993  88.6543 0123158  56.5722 304.7193 14.48530578  9012
IRIDIUM 33 DEB          
1 34500U 97051GR  09117.89308064  .00006423  00000-0  27626-2 0   294
2 34500  86.4169  90.2203 0044400 204.3662 155.5403 14.23990030  9686
IRIDIUM 33 DEB          
1 34501U 97051GS  09114.37163851  .00022365  00000-0  38716-2 0   293
2 34501  86.2910  88.0836 0198719  52.2132 309.6239 14.56040416  9422
IRIDIUM 33 DEB          
1 34502U 97051GT  09118.36674777  .00004525  00000-0  13894-2 0   244
2 34502  86.3314  88.1320 0034435  28.9449 331.3636 14.41109033 10055
IRIDIUM 33 DEB          
1 34503U 97051GU  09118.06601514  .00000759  00000-0  22720-3 0   403
2 34503  86.3159  88.0747 0034875  16.4148 343.8145 14.41252136  9549
IRIDIUM 33 DEB          
1 34504U 97051GV  09117.87023301  .00007677  00000-0  24108-2 0   276
2 34504  86.3878  89.1684 0074022  76.4249 284.5172 14.38832643  9393
IRIDIUM 33 DEB          
1 34505U 97051GW  09117.91527014  .00001847  00000-0  62417-3 0   259
2 34505  86.4238  89.7273 0019704 328.1030  31.8960 14.36307420  9662
IRIDIUM 33 DEB          
1 34506U 97051GX  09117.91519552  .00002251  00000-0  78321-3 0   440
2 34506  86.4358  89.8973 0006481  66.9277 293.2587 14.35044705  9765
IRIDIUM 33 DEB          
1 34507U 97051GY  09117.86458826  .00003353  00000-0  12078-2 0   272
2 34507  86.4415  90.1153 0013502 117.7336 242.5253 14.33403039  9144
IRIDIUM 33 DEB          
1 34508U 97051GZ  09117.66783137  .00000519  00000-0  24574-3 0   240
2 34508  86.3758  90.2650 0085010 191.7498 168.1707 14.15826094  9171
IRIDIUM 33 DEB          
1 34509U 97051HA  09114.41487678  .00006381  00000-0  33233-2 0   358
2 34509  86.4752  92.3524 0021103 284.2009  75.7356 14.14319070  8609
IRIDIUM 33 DEB          
1 34510U 97051HB  09117.67127526  .00001645  00000-0  66996-3 0   254
2 34510  86.3122  88.9685 0041551 160.7539 199.5243 14.26419962  9633
IRIDIUM 33 DEB          
1 34511U 97051HC  09118.36717035  .00000568  00000-0  22668-3 0   242
2 34511  86.3928  89.6562 0036160 174.3577 185.8042 14.26440101  9457
IRIDIUM 33 DEB          
1 34512U 97051HD  09117.60348120  .00002905  00000-0  12145-2 0   261
2 34512  86.3266  89.2019 0047718 162.4411 197.8438 14.25199932  9502
IRIDIUM 33 DEB          
1 34513U 97051HE  09106.45073789  .05373570  00000-0  22256+0 0   376
2 34513  86.7392  96.1164 0125281 133.0718 228.2714 15.16931340  8234
IRIDIUM 33 DEB          
1 34514U 97051HF  09118.22525479  .00107892  00000-0  42007-1 0   390
2 34514  86.2220  90.1502 0294674 129.5457 225.8518 14.08062727  9389
IRIDIUM 33 DEB          
1 34515U 97051HG  09118.07573860  .00001483  00000-0  45328-3 0   234
2 34515  86.3068  88.0596 0069950  69.9481 290.9233 14.39806206  9368
IRIDIUM 33 DEB          
1 34516U 97051HH  09117.67006786  .00006688  00000-0  23503-2 0   241
2 34516  86.3864  89.5673 0073517 102.1836 258.7624 14.33301297  9712
IRIDIUM 33 DEB          
1 34517U 97051HJ  09118.07483108  .00000680  00000-0  24658-3 0   243
2 34517  86.3797  89.3496 0014157 143.8779 216.3357 14.31909616  9767
IRIDIUM 33 DEB          
1 34518U 97051HK  09118.09478070  .00000583  00000-0  22251-3 0   236
2 34518  86.4074  89.7991 0024781 182.3921 177.7144 14.28908619  9258
IRIDIUM 33 DEB          
1 34519U 97051HL  09117.88277958  .00002220  00000-0  81641-3 0   266
2 34519  86.3901  89.6535 0027819 134.4638 225.8753 14.32050039  9203
IRIDIUM 33 DEB          
1 34520U 97051HM  09117.67081400  .00001454  00000-0  59340-3 0   258
2 34520  86.3850  89.8667 0036310 183.8222 176.2714 14.26381630  9460
IRIDIUM 33 DEB          
1 34521U 97051HN  09117.66676116 -.00000036  00000-0 -19850-4 0   285
2 34521  86.3862  89.4660 0000877  27.5508 332.5734 14.34278462  9492
IRIDIUM 33 DEB          
1 34522U 97051HP  09118.08992675  .00001495  00000-0  72363-3 0   403
2 34522  86.3829  90.1960 0086574 229.8358 129.5213 14.15932687  9396
IRIDIUM 33 DEB          
1 34523U 97051HQ  09117.89845926  .00001655  00000-0  41081-3 0   252
2 34523  86.4201  88.9708 0071107 359.0303   1.0721 14.49749847  9613
IRIDIUM 33 DEB          
1 34524U 97051HR  09118.31584643  .00001147  00000-0  45573-3 0   411
2 34524  86.3524  89.1650 0043130 230.0950 129.6446 14.27403685  9536
IRIDIUM 33 DEB          
1 34525U 97051HS  09118.21161564  .00000180  00000-0  58238-4 0   413
2 34525  86.3732  89.1407 0005684 139.8016 220.3601 14.33220098  9601
IRIDIUM 33 DEB          
1 34526U 97051HT  09117.62179697  .00001512  00000-0  62138-3 0   259
2 34526  86.3609  89.6113 0037861 187.0634 173.0020 14.25992445  9407
IRIDIUM 33 DEB          
1 34527U 97051HU  09117.39555367  .00003664  00000-0  13978-2 0   253
2 34527  86.3903  89.7113 0027835 158.9781 201.2586 14.30355422  9445
IRIDIUM 33 DEB          
1 34528U 97051HV  09117.65566561  .00003987  00000-0  16183-2 0   250
2 34528  86.4743  90.7181 0042429 142.4346 217.9844 14.26927314  9415
IRIDIUM 33 DEB          
1 34529U 97051HW  09118.00318528 -.00000190  00000-0 -72525-4 0   247
2 34529  86.3646  88.9632 0010236 325.1147  34.9346 14.35817782  9553
IRIDIUM 33 DEB          
1 34530U 97051HX  09118.39549976  .00003670  00000-0  19822-2 0   393
2 34530  86.4295  90.8908 0114954 203.6171 155.9797 14.09082789  9380
IRIDIUM 33 DEB          
1 34531U 97051HY  09118.42685934  .00004864  00000-0  19359-2 0   428
2 34531  86.4055  89.6716 0029840 184.7921 175.3000 14.28230484  9559
IRIDIUM 33 DEB          
1 34532U 97051HZ  09118.30496400  .00001695  00000-0  82092-3 0   259
2 34532  86.3654  89.8859 0088690 172.1898 188.0648 14.15840416  9485
IRIDIUM 33 DEB          
1 34533U 97051JA  09118.35013865  .00003378  00000-0  51095-3 0   401
2 34533  86.1919  85.0416 0154126   9.0013 351.3890 14.66123953  9828
IRIDIUM 33 DEB          
1 34534U 97051JB  09117.88714742  .00001989  00000-0  52770-3 0   262
2 34534  86.2958  87.6724 0085432  50.2488 310.6206 14.46029641  9578
IRIDIUM 33 DEB          
1 34535U 97051JC  09117.49084831  .00001292  00000-0  43470-3 0   263
2 34535  86.3468  88.9690 0015243 316.7232  43.2762 14.36372558  9474
IRIDIUM 33 DEB          
1 34536U 97051JD  09118.80080709  .00016387  00000-0  54095-2 0   388
2 34536  86.3499  88.3615 0025192  67.5512 292.8358 14.37777029  9674
IRIDIUM 33 DEB          
1 34537U 97051JE  09117.86490512  .00002182  00000-0  53184-3 0   254
2 34537  86.3305  87.9403 0102372  46.2794 314.6827 14.49091431 10544
IRIDIUM 33 DEB          
1 34538U 97051JF  09117.91251569  .00000305  00000-0  12229-3 0   247
2 34538  86.2798  88.6115 0045685 179.8761 180.2446 14.24407686 10302
IRIDIUM 33 DEB          
1 34539U 97051JG  09117.36095157  .00005998  00000-0  29411-2 0   261
2 34539  86.3745  90.4349 0096011 169.7022 190.6195 14.15255221 10158
IRIDIUM 33 DEB          
1 34540U 97051JH  09118.90335605  .00000391  00000-0  11459-3 0   423
2 34540  86.3234  87.8239 0032605 351.0263   9.0332 14.41143899 10133
IRIDIUM 33 DEB          
1 34592U 97051JJ  09117.65653364  .00012194  00000-0  26818-2 0   200
2 34592  86.2614  86.9282 0108343  37.3208 323.5461 14.53779352  8973
IRIDIUM 33 DEB          
1 34593U 97051JK  09117.36452531  .00001505  00000-0  63695-3 0   201
2 34593  86.4030  90.3119 0047675 177.2306 182.9157 14.24255463  9654
IRIDIUM 33 DEB          
1 34594U 97051JL  09117.85668935  .00009888  00000-0  32622-2 0   345
2 34594  86.4299  89.7130 0075212  96.0423 264.9312 14.36381270  9476
IRIDIUM 33 DEB          
1 34595U 97051JM  09117.66261225  .00006826  00000-0  27145-2 0   226
2 34595  86.3806  89.8238 0078575 128.2577 232.5768 14.26872831 11884
IRIDIUM 33 DEB          
1 34596U 97051JN  09117.89923315  .00003532  00000-0  76517-3 0   215
2 34596  86.4253  88.7524 0095118 359.6955   0.4213 14.55130490  9468
IRIDIUM 33 DEB          
1 34597U 97051JP  09117.86376277  .00002645  00000-0  92847-3 0   232
2 34597  86.4582  90.2438 0005713  77.2062 282.9764 14.34682311  9650
IRIDIUM 33 DEB          
1 34598U 97051JQ  09118.36326410 -.00005775  00000-0 -29948-2 0   345
2 34598  86.5542  91.7839 0054483 198.5780 161.2365 14.14320388  9423
IRIDIUM 33 DEB          
1 34599U 97051JR  09117.86216505  .00004019  00000-0  95180-3 0   365
2 34599  86.4293  89.0007 0080065 358.1060   1.9821 14.51888535  9626
IRIDIUM 33 DEB          
1 34600U 97051JS  09117.91324798  .00005548  00000-0  19291-2 0   218
2 34600  86.3946  89.4345 0012791  80.1106 280.1467 14.35281596  9551
IRIDIUM 33 DEB          
1 34601U 97051JT  09118.08012870  .00030116  00000-0  15288-1 0   606
2 34601  86.4474  91.1682 0169628 139.4223 221.9076 14.08609313  9924
IRIDIUM 33 DEB          
1 34643U 97051JU  09117.90692334  .00000907  00000-0  35196-3 0   305
2 34643  86.3911  89.7430 0039020 235.1565 124.5935 14.28490411  6764
IRIDIUM 33 DEB          
1 34644U 97051JV  09118.38885784  .09357560  00000-0  26912+0 0   549
2 34644  86.2755  89.2638 0192601  92.6183  43.4952 15.14267459  7109
IRIDIUM 33 DEB          
1 34645U 97051JW  09118.08043038  .00001676  00000-0  54248-3 0   301
2 34645  86.3494  88.6290 0019572  14.1019 346.0718 14.38413919  6694
IRIDIUM 33 DEB          
1 34646U 97051JX  09117.88008575  .00496036  00000-0  12177+0 0   440
2 34646  86.4441  89.0678 0033329   2.2448 343.0629 14.49541380  6619
IRIDIUM 33 DEB          
1 34647U 97051JY  09111.40244936  .00960443  31607-3  50000-2 0   220
2 34647  86.8016  95.1236 0094853  61.7656 299.3400 15.74462180  5494
IRIDIUM 33 DEB          
1 34648U 97051JZ  09117.90639099  .00001546  00000-0  12429-2 0   267
2 34648  86.4206  92.8288 0292647 218.3669 139.6312 13.72004324  9836
IRIDIUM 33 DEB          
1 34649U 97051KA  09118.10455207  .00009433  00000-0  19146-2 0   321
2 34649  86.3727  87.9496 0134369  37.7459 323.3180 14.55463945  7996
IRIDIUM 33 DEB          
1 34650U 97051KB  09117.21248087  .00002496  00000-0  68907-3 0   276
2 34650  86.2495  87.4845 0083469  58.2844 302.6272 14.44360361  9903
IRIDIUM 33 DEB          
1 34651U 97051KC  09117.91942263  .00000719  00000-0  49347-3 0   296
2 34651  86.2964  90.6706 0217286 199.1146 160.1778 13.87519071  9473
IRIDIUM 33 DEB          
1 34652U 97051KD  09117.65956672  .00000144  00000-0  40427-4 0   177
2 34652  86.3346  88.6412 0040180 303.7656  55.9671 14.38379169  8950
IRIDIUM 33 DEB          
1 34653U 97051KE  09117.23622443  .00003155  00000-0  16260-2 0   191
2 34653  86.3697  90.5575 0102681 192.5000 167.3618 14.12176056  9046
IRIDIUM 33 DEB          
1 34654U 97051KF  09117.86878780  .00004033  00000-0  17281-2 0   200
2 34654  86.4493  90.6428 0046076 163.5597 196.7119 14.24057555  7386
IRIDIUM 33 DEB          
1 34655U 97051KG  09117.67810194  .00010197  00000-0  52724-2 0   192
2 34655  86.4353  91.1287 0101523 170.0104 190.3271 14.12233561  7296
IRIDIUM 33 DEB          
1 34656U 97051KH  09118.05420179  .00009578  00000-0  29349-2 0   183
2 34656  86.3751  88.8695 0088452  72.8369 288.2447 14.39371216 10577
IRIDIUM 33 DEB          
1 34657U 97051KJ  09117.90804818  .00001133  00000-0  39603-3 0   200
2 34657  86.3256  88.7017 0046919  97.0508 263.6056 14.33769145  8511
IRIDIUM 33 DEB          
1 34658U 97051KK  09117.98629851  .00002508  00000-0  71572-3 0   300
2 34658  86.3621  88.5251 0047590 344.2675  15.6982 14.44196937  9232
IRIDIUM 33 DEB          
1 34659U 97051KL  09118.34132679  .00007410  00000-0  33162-2 0   184
2 34659  86.3445  89.3612 0077790 152.7109 207.8358 14.20861316  8219
IRIDIUM 33 DEB          
1 34690U 97051KM  09117.91942477  .00000337  00000-0  11783-3 0   240
2 34690  86.3871  89.5041 0008518 229.5647 130.4788 14.32165601  6704
IRIDIUM 33 DEB          
1 34691U 97051KN  09103.97024808  .20005159  00000-0  26987+0 0   169
2 34691  86.5724  94.5360 0079236 151.6022 345.1971 15.48219462  4778
IRIDIUM 33 DEB          
1 34692U 97051KP  09118.34052422  .00008961  00000-0  44545-2 0   165
2 34692  86.2377  88.5129 0093293 165.9173 194.4659 14.14704040  8382
IRIDIUM 33 DEB          
1 34693U 97051KQ  09118.38361361  .00000643  00000-0  20020-3 0   235
2 34693  86.3402  88.3632 0032149 319.4324  40.4496 14.39173498  7176
IRIDIUM 33 DEB          
1 34694U 97051KR  09118.37264868  .00001576  00000-0  58379-3 0   233
2 34694  86.4468  90.0235 0020732 126.6996 233.6100 14.31600220  7142
IRIDIUM 33 DEB          
1 34695U 97051KS  09105.42405947  .02778908  00000-0  75117-1 0   106
2 34695  86.2860  91.1687 0159881 102.4516 351.8393 15.22745701  8309
IRIDIUM 33 DEB          
1 34696U 97051KT  09118.34374711  .00000801  00000-0  49695-3 0   254
2 34696  86.2146  89.0699 0172946 197.5135 162.0236 13.96821029  9592
IRIDIUM 33 DEB          
1 34697U 97051KU  09117.35465926  .00003036  00000-0  14094-2 0   149
2 34697  86.4611  91.2397 0066999 195.8017 164.1076 14.19211765  5937
IRIDIUM 33 DEB          
1 34698U 97051KV  09118.39659787  .00001551  00000-0  58002-3 0   222
2 34698  86.3724  89.1629 0014986 205.4276 154.6172 14.31171037  6191
IRIDIUM 33 DEB          
1 34699U 97051KW  09118.35366813  .00014153  00000-0  33754-2 0   143
2 34699  86.3571  90.0188 0340128 105.8935 261.0527 14.23845647  6090
IRIDIUM 33 DEB          
1 34700U 97051KX  09117.88423841  .00001887  00000-0  57590-3 0   233
2 34700  86.4051  89.3336 0081309  74.1025 286.9098 14.39514485  6093
IRIDIUM 33 DEB          
1 34701U 97051KY  09118.33730314  .00002949  00000-0  11107-2 0   234
2 34701  86.3868  89.3507 0019100 139.5404 220.7229 14.31062029  6126
IRIDIUM 33 DEB          
1 34702U 97051KZ  09118.90156238  .00000380  00000-0  10414-3 0   143
2 34702  86.3103  87.5157 0053095 324.1047  35.6579 14.43781245  9390
IRIDIUM 33 DEB          
1 34703U 97051LA  09117.35244337  .00001813  00000-0  64489-3 0   244
2 34703  86.3946  89.6768 0013583 105.7465 254.5179 14.33792701  5956
IRIDIUM 33 DEB          
1 34704U 97051LB  09118.34305770  .00002136  00000-0  64936-3 0   239
2 34704  86.4175  89.1966 0035151  18.8968 341.3479 14.41356265  5806
IRIDIUM 33 DEB          
1 34705U 97051LC  09117.88781279  .00001808  00000-0  79343-3 0   110
2 34705  86.4988  91.3388 0054065 189.5845 170.4306 14.22327079  8787
IRIDIUM 33 DEB          
1 34706U 97051LD  09118.34755059  .00001045  00000-0  32274-3 0   148
2 34706  86.3266  88.1774 0042494  51.6681 308.8341 14.39909135  8827
IRIDIUM 33 DEB          
1 34707U 97051LE  09118.11741177 -.00017239  00000-0 -86629-2 0   281
2 34707  86.5301  92.3525 0277289 186.8281 172.9207 13.98715125  9437
IRIDIUM 33 DEB          
1 34708U 97051LF  09105.44818657  .00171250  00000-0  55257-2 0   142
2 34708  86.7013  95.8967 0164489 143.4339  24.6358 15.19449544  7968
IRIDIUM 33 DEB          
1 34709U 97051LG  09117.89022649  .00001762  00000-0  62316-3 0   227
2 34709  86.3483  88.9272 0002726  92.3891 267.7610 14.34121409  8727
IRIDIUM 33 DEB          
1 34764U 97051LH  09118.36071765  .00001469  00000-0  55585-3 0   161
2 34764  86.3797  89.3024 0017056 190.0294 170.0533 14.30528815  7931
IRIDIUM 33 DEB          
1 34765U 97051LJ  09118.35556567  .00000223  00000-0  78103-4 0   168
2 34765  86.3378  88.7958 0016820 203.3183 156.7256 14.30526146  6699
IRIDIUM 33 DEB          
1 34766U 97051LK  09118.36042323  .00472488  00000-0  16144+0 0   102
2 34766  86.6580  94.2796 0397027 125.8911 200.8875 13.98146119  6495
IRIDIUM 33 DEB          
1 34767U 97051LL  09118.37008864  .00002555  00000-0  88002-3 0   151
2 34767  86.4905  90.3525 0006215   7.7231 352.4052 14.35613847  7863
IRIDIUM 33 DEB          
1 34768U 97051LM  09118.46563370  .00032770  00000-0  21385-1 0   173
2 34768  86.1647  90.2078 0415803 164.3385 197.1287 13.67154040  8654
IRIDIUM 33 DEB          
1 34769U 97051LN  09117.97554416  .00049768  00000-0  40644-1 0   310
2 34769  86.4001  92.3363 0221842 216.3732 142.2430 13.78588479  5493
IRIDIUM 33 DEB          
1 34770U 97051LP  09105.11409443  .13798299  43221+0  12897+0 0    24
2 34770  86.3425  95.7494 0101738 104.6770 306.3944 15.71100364  8425
IRIDIUM 33 DEB          
1 34771U 97051LQ  09117.89253961  .00004605  00000-0  18505-2 0   149
2 34771  86.4059  89.9650 0031253 186.3282 173.7496 14.27703914  7571
IRIDIUM 33 DEB          
1 34772U 97051LR  09117.40752679  .00002384  00000-0  73726-3 0   124
2 34772  86.4070  89.5041 0030122 357.5295   2.5778 14.40656304  7549
IRIDIUM 33 DEB          
1 34773U 97051LS  09117.65788448  .00000981  00000-0  36815-3 0   113
2 34773  86.4186  90.0476 0019998 154.0328 206.1862 14.30543436 10744
IRIDIUM 33 DEB          
1 34774U 97051LT  09118.11511797  .00000366  00000-0  12489-3 0   171
2 34774  86.4364  89.9109 0002287 217.4314 142.6696 14.33777868 10396
IRIDIUM 33 DEB          
1 34775U 97051LU  09117.35750954  .00000619  00000-0  24548-3 0   122
2 34775  86.3846  89.9599 0033298 184.3770 175.7095 14.26944119  8392
IRIDIUM 33 DEB          
1 34776U 97051LV  09117.92169554  .00001627  00000-0  50714-3 0   175
2 34776  86.3942  89.1661 0029706  29.7689 330.5196 14.40099989  6902
IRIDIUM 33 DEB          
1 34777U 97051LW  09108.91768860  .00027541  00000-0  92085-2 0   281
2 34777  86.4282  93.4044 0056123 121.7826 238.9312 14.36366931  7959
IRIDIUM 33 DEB          
1 34778U 97051LX  09111.39460460  .14458496  00000-0  30145+0 0    56
2 34778  86.3213  92.3228 0153961 121.6150 118.4580 15.28254511  8291
IRIDIUM 33 DEB          
1 34824U 97051LY  09118.37591642  .00274399  00000-0  92831-1 0    99
2 34824  86.5873  92.3293 0158659 101.7897 249.4571 14.28196519  7875
IRIDIUM 33 DEB          
1 34825U 97051LZ  09118.38343418  .00000913  00000-0  34577-3 0    79
2 34825  86.3849  89.3313 0019054 175.2397 184.8978 14.30058882  6417
IRIDIUM 33 DEB          
1 34826U 97051MA  09117.21082451  .00009611  00000-0  17569-2 0    62
2 34826  86.1957  85.9695 0123336  16.7822 343.7423 14.60929854  9178
IRIDIUM 33 DEB          
1 34827U 97051MB  09117.19958583  .00001508  00000-0  57657-3 0    79
2 34827  86.3891  89.9122 0019264 192.8942 167.1745 14.29985921  6343
IRIDIUM 33 DEB          
1 34828U 97051MC  09117.33199743  .00002413  00000-0  74119-3 0    68
2 34828  86.1523  86.3590 0039494 321.1256  38.7095 14.40808771  7124
IRIDIUM 33 DEB          
1 34829U 97051MD  09117.66067342  .00004346  00000-0  62189-3 0    54
2 34829  86.4877  89.3778 0231284 296.2978  61.4441 14.59707547  5737
IRIDIUM 33 DEB          
1 34830U 97051ME  09114.21918482  .00033953  00000-0  36895-2 0    32
2 34830  86.0033  84.4274 0212624  44.1794 317.5305 14.72790550  6421
IRIDIUM 33 DEB          
1 34831U 97051MF  09117.36441959  .00002444  00000-0  11226-2 0    67
2 34831  86.3458  89.9581 0132236 142.6380 218.4574 14.16328714  3670
IRIDIUM 33 DEB          
1 34832U 97051MG  09118.39032722  .00002300  00000-0  73304-3 0    74
2 34832  86.4229  89.3404 0029401  39.9830 320.3515 14.39178317  3735
IRIDIUM 33 DEB          
1 34833U 97051MH  09117.86451777  .00000290  00000-0  98171-4 0    77
2 34833  86.3951  89.5530 0022805 267.1002  92.7587 14.33189205  3704
IRIDIUM 33 DEB          
1 34834U 97051MJ  09118.64809133  .00006208  00000-0  16872-2 0    57
2 34834  86.3217  87.6304 0055812   8.4139 351.7990 14.46482660  8806
IRIDIUM 33 DEB          
1 34835U 97051MK  09117.67253363  .00003878  00000-0  15877-2 0    63
2 34835  86.4403  90.4827 0041646 158.2246 202.0758 14.26506903  6308
