TRANSIT 16              
1 02807U 67048A   09117.79428627  .00000074  00000-0  10000-3 0  2230
2 02807  89.6517 205.4005 0021935  28.7858 331.4498 13.49710744 63820
TRANSIT 17              
1 02965U 67092A   09117.91598042  .00000078  00000-0  10000-3 0  5177
2 02965  89.2614 126.6195 0046018 214.1995 145.6190 13.52419027 50324
TRANSIT 18              
1 03133U 68012A   09117.55248334  .00000076  00000-0  10000-3 0  2595
2 03133  89.9742 286.8182 0077176 109.3421 251.6092 13.50523378 25722
NNSS 19                 
1 04507U 70067A   09118.10973965  .00000087  00000-0  11221-3 0  9158
2 04507  89.8634 312.4053 0170977 228.4035 130.2366 13.50133709902924
NNSS O-20               
1 06909U 73081A   09118.61196633  .00000054  00000-0  47286-4 0  3452
2 06909  89.8619 358.7916 0156413 256.3541 102.0167 13.69747191972274
TRANSAT                 
1 10457U 77106A   09117.91525270  .00000072  00000-0  10000-3 0  8427
2 10457  89.6706 250.3158 0027418  55.5484 304.8250 13.48260073549196
NOVA I                  
1 12458U 81044A   09117.89195223  .00000050  00000-0  10000-3 0  7306
2 12458  90.0898 115.3668 0012630 285.6939  74.2786 13.22697446349194
NOVA 3                  
1 15362U 84110A   09117.85585993  .00000051  00000-0  10000-3 0  9441
2 15362  89.9775  50.8388 0032262 138.3975 221.9623 13.22474575184454
OSCAR 30                
1 15935U 85066A   09117.77385742 -.00000000  00000-0 -13485-4 0  3800
2 15935  90.0549  22.5150 0168093 288.1842  70.1062 13.35256929153973
OSCAR 24                
1 15936U 85066B   09117.79675554  .00000100  00000-0  16932-3 0  7000
2 15936  90.0439  19.6474 0168420 290.7217  67.5939 13.35156381156109
POLAR BEAR              
1 17070U 86088A   09118.50549005  .00000033  00000-0  22860-4 0  7482
2 17070  89.5425 111.9415 0040806  59.5085 301.0094 13.74334722125812
OSCAR 27                
1 18361U 87080A   09117.77487368  .00000067  00000-0  10000-3 0  3722
2 18361  90.3266 231.7408 0105263 325.2926  34.1382 13.44069816 59858
OSCAR 29                
1 18362U 87080B   09118.70520061  .00000067  00000-0  10000-3 0  6290
2 18362  90.3278 231.8859 0106925 333.4312  26.1376 13.43696568 59751
OSCAR 23                
1 19070U 88033A   09117.34343586  .00000059  00000-0  10000-3 0  5706
2 19070  90.2515 183.6524 0192172 140.9022 220.6217 13.27098220 17091
OSCAR 32                
1 19071U 88033B   09117.71982504  .00000059  00000-0  10000-3 0  2333
2 19071  90.2514 183.7442 0190309 132.0430 229.7074 13.27307264 17302
NOVA 11                 
1 19223U 88052A   09118.84280684  .00000050  00000-0  10000-3 0  4128
2 19223  90.0229  90.5056 0030171 177.6426 182.4854 13.22410503  7124
OSCAR 25                
1 19419U 88074A   09118.44270722  .00000066  00000-0  10000-3 0  6216
2 19419  89.9179  31.8311 0094827 278.5091  80.5306 13.41802421 12166
OSCAR 31                
1 19420U 88074B   09117.80095911  .00000066  00000-0  10000-3 0  2948
2 19420  89.9178  31.7700 0092875 274.8970  84.1571 13.41857695 12172
