CALSPHERE 1             
1 00900U 64063C   09118.50402376  .00000252  00000-0  27380-3 0  7714
2 00900  90.1601 326.2534 0029065  24.2240 336.0294 13.70445884212667
CALSPHERE 2             
1 00902U 64063E   09118.59063335  .00000075  00000-0  10000-3 0   440
2 00902  90.1612 329.2709 0019577  36.5493 323.6987 13.52463817 10664
LCS 1                   
1 01361U 65034C   09117.85254444  .00000009  00000-0  10000-3 0  1268
2 01361  32.1445 278.5498 0005358 160.2767 199.7936  9.89275938590373
TEMPSAT 1               
1 01512U 65065E   09117.57563817  .00000059  00000-0  10000-3 0  1261
2 01512  89.8069 301.3289 0069420 180.9482 179.1533 13.33258392125882
CALSPHERE 4(A)          
1 01520U 65065H   09117.86118843  .00000061  00000-0  10000-3 0  2597
2 01520  90.1843  82.3049 0071859 108.0295 252.8694 13.35311786127538
OPS 5712 (P/L 160)      
1 02826U 67053A   09118.46373236  .00000251  00000-0  10224-3 0  7068
2 02826  69.9336 282.4660 0008295 221.3281 138.7231 14.38214030160140
OPS 5712 (P/L 153)      
1 02874U 67053H   09117.76705003 -.00000050  00000-0  24006-5 0   969
2 02874  69.9728 199.8705 0005748  22.7510 337.3838 13.95920858133501
SURCAL 150B             
1 02909U 67053J   09118.07426528  .00000463  00000-0  14553-3 0  8829
2 02909  69.9538  99.4709 0002119 348.1159  11.9892 14.46418870165728
RIGIDSPHERE 2 (LCS 4)   
1 05398U 71067E   09118.06225642  .00000017  00000-0 -20142-6 0  5464
2 05398  87.6179 263.1954 0064988 341.6357  18.2501 14.31141841977399
RADCAT                  
1 06212U 72076A   09117.83089842  .00001680  00000-0  63738-4 0  7256
2 06212  98.5946 118.2086 0003748 150.1638 209.9727 15.28655713115181
