AOR-E (EGNOS/PRN 120)   
1 24307U 96053A   09117.88604286 -.00000122  00000-0  10000-3 0  8011
2 24307   0.0978  17.7718 0005054   3.9692 137.7306  1.00271393 46289
IOR-W (EGNOS/PRN 126)   
1 25153U 98006B   09117.74130007  .00000141  00000-0  00000+0 0  5349
2 25153   0.4897   7.7585 0003707  30.4256 109.2862  1.00267839 41161
ARTEMIS (EGNOS/PRN 124) 
1 26863U 01029A   09118.78986755  .00000125  00000-0  10000-3 0  6776
2 26863   7.3302  69.8033 0003408 339.4083 113.4642  1.00275883 29653
MTSAT-1R (MSAS/PRN 129) 
1 28622U 05006A   09116.31322071 -.00000273  00000-0  10000-3 0  1097
2 28622   0.0813  52.0744 0001965 194.2749 220.9448  1.00271002 15236
ANIK F1R (WAAS/PRN 138) 
1 28868U 05036A   09112.42340606 -.00000067  00000-0  10000-3 0  6674
2 28868   0.0102 325.8255 0001535  94.3864 195.5313  1.00272905 13338
GALAXY 15 (WAAS/PRN 135)
1 28884U 05041A   09116.58187287  .00000085  00000-0  10000-3 0  6155
2 28884   0.0682  67.9883 0002218 327.2321 255.9549  1.00272701 12969
MTSAT-2 (MSAS/PRN 137)  
1 28937U 06004A   09116.48385403 -.00000238  00000-0  10000-3 0  5625
2 28937   0.0212 264.8712 0003051 117.6775 151.2002  1.00267202 11710
